# columns = TERM LEMMA POS
# identifier = balzac1829FC84-21
# creator = Balzac, Honoré de
# created = 1829
# modified = 1846
# isPartOf = Physiologie du mariage, ou Méditations de philosophie éclectique sur le bonheur et le malheur conjugal. Études analytiques
# title = Méditation XX.  Essai sur la police

↵↵↵	↵↵↵	PUNCTstruct
Méditation	méditation	NOUN
		TOKEN
Essai	Essai	PROPN
sur	sur	ADP
la	le	DET
police	police	NOUN
.	.	PUNCTsent
↵↵	↵↵	PUNCTstruct
La	le	DET
police	police	NOUN
conjugale	conjugal	ADJ
se	se	PRON
compose	composer	VERB
de	de	ADP
tous	tout	ADJ
les	le	DET
moyens	moyen	NOUN
que	que	PRON
vous	vous	PRON
donnent	donner	VERB
les	le	DET
lois	loi	NOUN
,	,	PUNCTclause
les	le	DET
mœurs	mœurs	NOUN
,	,	PUNCTclause
la	le	DET
force	force	NOUN
et	et	CCONJ
la	le	DET
ruse	ruse	NOUN
pour	pour	ADP
empêcher	empêcher	VERB
votre	votre	DET
femme	femme	NOUN
de	de	ADP
accomplir	accomplir	VERB
les	le	DET
trois	trois	NUM
actes	acte	NOUN
qui	qui	PRON
constituent	constituer	VERB
en quelque sorte	en quelque sorte	ADV
la	le	DET
vie	vie	NOUN
de	de	ADP
l'	le	DET
amour	amour	NOUN
:	:	PUNCTclause
se	se	PRON
écrire	écrire	VERB
,	,	PUNCTclause
se	se	PRON
voir	voir	VERB
,	,	PUNCTclause
se	se	PRON
parler	parler	VERB
.	.	PUNCTsent
↵↵	↵↵	PUNCTstruct
La	le	DET
police	police	NOUN
se	se	PRON
combine	combiner	VERB
plus	plus	ADV
ou	ou	CCONJ
moins	moins	ADV
avec	avec	ADP
plusieurs	plusieurs	DET
des	un	ADP_DET
moyens	moyen	NOUN
de	de	ADP
défense	défense	NOUN
que	que	PRON
contiennent	contenir	VERB
les	le	DET
Méditations	Méditations	NOUN
précédentes	précédent	ADJ
.	.	PUNCTsent
l'	le	DET
instinct	instinct	NOUN
seul	seul	ADJ
peut	pouvoir	VERB
indiquer	indiquer	VERB
dans	dans	ADP
quelles	quel	DET
proportions	proportion	NOUN
et	et	CCONJ
dans	dans	ADP
quelles	quel	DET
occasions	occasion	NOUN
ces	ce	DET
divers	divers	ADJ
éléments	élément	NOUN
doivent	devoir	VERB
être	être	AUX
employés	employer	VERB
.	.	PUNCTsent
Le	le	DET
système	système	NOUN
entier	entier	ADJ
a	avoir	AUX
quelque chose	quelque chose	PRON
de	de	ADP
élastique	élastique	NOUN
:	:	PUNCTclause
un	un	DET
mari	mari	NOUN
habile	habile	ADJ
devinera	deviner	VERB
facilement	facilement	ADV
comment	comment	ADV
il	il	PRON
faut	falloir	VERB
le	le	DET
plier	plier	VERB
,	,	PUNCTclause
l'	le	DET
étendre	étendre	VERB
,	,	PUNCTclause
le	le	DET
resserrer	resserrer	VERB
.	.	PUNCTsent
à l'aide de	à l'aide de	ADP
la	le	DET
police	police	NOUN
,	,	PUNCTclause
un	un	DET
homme	homme	NOUN
peut	pouvoir	VERB
amener	amener	VERB
sa	son	DET
femme	femme	NOUN
à	à	ADP
quarante	quarante	NUM
ans	an	NOUN
,	,	PUNCTclause
pure	pur	ADJ
de	de	ADP
toute	toute	DET
faute	faute	NOUN
.	.	PUNCTsent
↵↵	↵↵	PUNCTstruct
Nous	nous	PRON
diviserons	diviser	VERB
ce	ce	DET
traité	traité	NOUN
de	de	ADP
police	police	NOUN
en	en	ADP
cinq	cinq	NUM
paragraphes	paragraphe	NOUN
:	:	PUNCTclause
↵↵	↵↵	PUNCTstruct
I.	I.	PROPN
Des	un	DET
Souricières	Souricières	NOUN
.	.	PUNCTsent
↵↵	↵↵	PUNCTstruct
		TOKEN
.	.	PUNCTsent
De	de	ADP
la	le	DET
Correspondance	Correspondance	PROPN
.	.	PUNCTsent
↵↵	↵↵	PUNCTstruct
		TOKEN
.	.	PUNCTsent
Des	un	ADP_DET
Espions	Espions	NOUN
.	.	PUNCTsent
↵↵	↵↵	PUNCTstruct
		TOKEN
.	.	PUNCTsent
l'	le	DET
Index	Index	PROPN
.	.	PUNCTsent
↵↵	↵↵	PUNCTstruct
V.	V.	PROPN
Du	Du	PROPN
Budget	Budget	NOUN
.	.	PUNCTsent
↵↵↵	↵↵↵	PUNCTstruct
I	I	PROPN
—	—	PUNCTclause
Des	Des	PROPN
souricières	souricier	NOUN
.	.	PUNCTsent
↵↵	↵↵	PUNCTstruct
Malgré	malgré	ADP
la	le	DET
gravité	gravité	NOUN
de	de	ADP
la	le	DET
crise	crise	NOUN
à	à	ADP
laquelle	laquelle	PRON
arrive	arriver	VERB
un	un	DET
mari	mari	NOUN
,	,	PUNCTclause
nous	nous	PRON
ne	ne	ADV
supposons	supposer	VERB
pas	pas	ADV
que	que	SCONJ
l'	le	DET
amant	amant	NOUN
ait	avoir	AUX
complètement	complètement	ADV
acquis	acquérir	VERB
droit	droit	NOUN
de	de	ADP
bourgeoisie	bourgeoisie	NOUN
dans	dans	ADP
la	le	DET
cité	cité	NOUN
conjugale	conjugal	ADJ
.	.	PUNCTsent
Souvent	souvent	ADV
bien	bien	ADV
des	un	DET
maris	mari	NOUN
se	se	PRON
doutent	douter	VERB
que	que	SCONJ
leurs	leur	DET
femmes	femme	NOUN
ont	avoir	AUX
un	un	DET
amant	amant	NOUN
,	,	PUNCTclause
et	et	CCONJ
ne	ne	ADV
savent	savoir	VERB
sur	sur	ADP
qui	qui	PRON
,	,	PUNCTclause
des	un	DET
cinq	cinq	NUM
ou	ou	CCONJ
six	six	NUM
élus	élu	NOUN
,	,	PUNCTclause
dont	dont	PRON
nous	nous	PRON
avons	avoir	AUX
parlé	parler	VERB
,	,	PUNCTclause
arrêter	arrêter	VERB
leurs	leur	DET
soupçons	soupçon	NOUN
.	.	PUNCTsent
Cette	ce	DET
hésitation	hésitation	NOUN
provient	provenir	VERB
sans doute	sans doute	ADV
de	de	ADP
une	un	DET
infirmité	infirmité	NOUN
morale	moral	ADJ
,	,	PUNCTclause
au	au	ADP_DET
secours	secours	NOUN
de	de	ADP
laquelle	laquelle	PRON
le	le	DET
professeur	professeur	NOUN
doit	devoir	VERB
venir	venir	VERB
.	.	PUNCTsent
↵↵	↵↵	PUNCTstruct
Fouché	Fouché	PROPN
avait	avoir	VERB
dans	dans	ADP
Paris	Paris	PROPN
trois	trois	NUM
ou	ou	CCONJ
quatre	quatre	NUM
maisons	maison	NOUN
où	où	PRON
venaient	venir	VERB
les	le	DET
gens	gens	NOUN
de	de	ADP
la	le	DET
plus	plus	ADV
haute	haut	ADJ
distinction	distinction	NOUN
,	,	PUNCTclause
les	le	DET
maîtresses	maître	NOUN
de	de	ADP
ces	ce	DET
logis	logis	NOUN
lui	lui	PRON
étaient	être	AUX
dévouées	dévouer	VERB
.	.	PUNCTsent
Ce	ce	PRON
dévouement	dévouement	NOUN
coûtait	coûter	VERB
de	de	ADP
assez	assez	ADV
fortes	fort	ADJ
sommes	somme	NOUN
à	à	ADP
l'	le	DET
État	État	NOUN
.	.	PUNCTsent
Le	le	DET
ministre	ministre	NOUN
nommait	nommer	VERB
ces	ce	DET
sociétés	société	NOUN
,	,	PUNCTclause
dont	dont	PRON
personne	personne:PRON	PRON
ne	ne	ADV
se	se	PRON
défia	défier	VERB
,	,	PUNCTclause
dans	dans	ADP
le	le	DET
temps	temps	NOUN
,	,	PUNCTclause
ses	son	DET
souricières	souricier	NOUN
.	.	PUNCTsent
Plus	plus	ADV
de	de	ADP
une	un	DET
arrestation	arrestation	NOUN
se	se	PRON
y	y	PRON
fit	faire	VERB
au sortir de	au sortir de	ADP
un	un	DET
bal	bal	NOUN
où	où	PRON
la	le	DET
plus	plus	ADV
brillante	brillant	ADJ
compagnie	compagnie	NOUN
de	de	ADP
Paris	Paris	PROPN
avait	avoir	AUX
été	être	AUX
complice	complice	NOUN
de	de	ADP
l'	le	DET
oratorien	oratorien	NOUN
.	.	PUNCTsent
↵↵	↵↵	PUNCTstruct
l'	le	DET
art	art	NOUN
de	de	ADP
présenter	présenter	VERB
quelques	quelque	DET
fragments	fragment	NOUN
de	de	ADP
noix	noix	NOUN
grillée	griller	VERB
,	,	PUNCTclause
afin de	afin de	ADP
voir	voir	VERB
votre	votre	DET
femme	femme	NOUN
avancer	avancer	VERB
sa	son	DET
blanche	blanc	ADJ
main	main	NOUN
dans	dans	ADP
le	le	DET
piège	piège	NOUN
,	,	PUNCTclause
est	être	AUX
très-circonscrit	très-circonscrit	ADV
,	,	PUNCTclause
car	car	CCONJ
une	un	DET
femme	femme	NOUN
est	être	AUX
bien	bien	ADV
certainement	certainement	ADV
sur	sur	ADP
ses	son	DET
gardes	garde	NOUN
;	;	PUNCTclause
cependant	cependant	ADV
,	,	PUNCTclause
nous	nous	PRON
comptons	compter	VERB
au moins	au moins	ADV
trois	trois	NUM
genres	genre	NOUN
de	de	ADP
souricières	souricier	NOUN
:	:	PUNCTclause
l'	le	DET
Irrésistible	Irrésistible	PROPN
,	,	PUNCTclause
la	le	DET
Fallacieuse	Fallacieuse	PROPN
et	et	CCONJ
celle	celle	PRON
à	à	ADP
Détente	Détente	PROPN
.	.	PUNCTsent
↵↵↵	↵↵↵	PUNCTstruct
De	de	ADP
l'	le	DET
irrésistible	irrésistible	ADJ
.	.	PUNCTsent
↵↵	↵↵	PUNCTstruct
Deux	Deux	NUM
maris	mari	NOUN
étant	être	AUX
donnés	donner	VERB
,	,	PUNCTclause
et	et	CCONJ
qui	qui	PRON
seront	être	AUX
A	A	PROPN
,	,	PUNCTclause
B	B	PROPN
,	,	PUNCTclause
sont	être	AUX
supposés	supposer	VERB
vouloir	vouloir	VERB
découvrir	découvrir	VERB
quels	quel	DET
sont	être	AUX
les	le	DET
amants	amant	NOUN
de	de	ADP
leurs	leur	DET
femmes	femme	NOUN
.	.	PUNCTsent
Nous	nous	PRON
mettrons	mettre	VERB
le	le	DET
mari	mari	NOUN
A	A	PROPN
au	au	ADP_DET
centre	centre	NOUN
de	de	ADP
une	un	DET
table	table	NOUN
chargée	charger	VERB
des	un	ADP_DET
plus	plus	ADV
belles	beau	ADJ
pyramides	pyramide	NOUN
de	de	ADP
fruits	fruit	NOUN
,	,	PUNCTclause
de	de	ADP
cristaux	cristal	NOUN
,	,	PUNCTclause
de	de	ADP
sucreries	sucrerie	NOUN
,	,	PUNCTclause
de	de	ADP
liqueurs	liqueur	NOUN
,	,	PUNCTclause
et	et	CCONJ
le	le	DET
mari	mari	NOUN
B	B	PROPN
sera	être	AUX
sur	sur	ADP
tel	tel	DET
point	point	NOUN
de	de	ADP
ce	ce	DET
cercle	cercle	NOUN
brillant	briller	VERB
que	que	SCONJ
il	il	PRON
vous	vous	PRON
plaira	plaire	VERB
de	de	ADP
supposer	supposer	VERB
.	.	PUNCTsent
Le	le	DET
vin	vin	NOUN
de	de	ADP
Champagne	Champagne	PROPN
a	avoir	AUX
circulé	circuler	VERB
,	,	PUNCTclause
tous	tout	ADJ
les	le	DET
yeux	œil	NOUN
brillent	briller	VERB
et	et	CCONJ
toutes	tout	ADJ
les	le	DET
langues	langue	NOUN
sont	être	AUX
en	en	ADP
mouvement	mouvement	NOUN
.	.	PUNCTsent
↵↵	↵↵	PUNCTstruct
Mari	mari	NOUN
A.	A.	PROPN
(	(	PUNCTclause
Épluchant	éplucher	VERB
un	un	DET
marron	marron	NOUN
.	.	PUNCTsent
)	)	PUNCTclause
hé	hé	INTJ
!	!	PUNCTsent
bien	bien	ADV
,	,	PUNCTclause
moi	moi	PRON
,	,	PUNCTclause
je	je	PRON
admire	admirer	VERB
les	le	DET
gens	gens	NOUN
de	de	ADP
lettres	lettre	NOUN
,	,	PUNCTclause
mais	mais	CCONJ
de	de	ADP
loin	loin	ADV
;	;	PUNCTclause
je	je	PRON
les	le:PRON	PRON
trouve	trouver	VERB
insupportables	insupportable	ADJ
,	,	PUNCTclause
ils	ils	PRON
ont	avoir	AUX
une	un	DET
conversation	conversation	NOUN
despotique	despotique	ADJ
;	;	PUNCTclause
je	je	PRON
ne	ne	ADV
sais	savoir	VERB
ce	ce	PRON
qui	qui	PRON
nous	nous	PRON
blesse	blesser	VERB
le	le	DET
plus	plus	ADV
de	de	ADP
leurs	leur	DET
défauts	défaut	NOUN
ou	ou	CCONJ
de	de	ADP
leurs	leur	DET
qualités	qualité	NOUN
,	,	PUNCTclause
car	car	CCONJ
il	il	PRON
semble	sembler	VERB
vraiment	vraiment	ADV
que	que	SCONJ
la	le	DET
supériorité	supériorité	NOUN
de	de	ADP
l'	le	DET
esprit	esprit	NOUN
ne	ne	ADV
serve	servir	VERB
que	que	SCONJ
à	à	ADP
mettre	mettre	VERB
en	en	ADP
relief	relief	NOUN
leurs	leur	DET
défauts	défaut	NOUN
et	et	CCONJ
leurs	leur	DET
qualités	qualité	NOUN
.	.	PUNCTsent
Bref	bref	ADJ
!…	!…	PUNCTsent
(	(	PUNCTclause
Il	il	PRON
gobe	gober	VERB
son	son	DET
marron	marron	NOUN
.	.	PUNCTsent
)	)	PUNCTclause
Les	le	DET
gens	gens	NOUN
de	de	ADP
génie	génie	NOUN
sont	être	AUX
des	un	DET
élixirs	élixir	NOUN
,	,	PUNCTclause
si	si	SCONJ
vous	vous	PRON
voulez	vouloir	VERB
,	,	PUNCTclause
mais	mais	CCONJ
il	il	PRON
faut	falloir	VERB
en	en	ADP
user	user	VERB
sobrement	sobrement	ADV
.	.	PUNCTsent
↵↵	↵↵	PUNCTstruct
Femme	femme	NOUN
B.	B.	PROPN
(	(	PUNCTclause
Qui	qui	PRON
était	être	AUX
attentive	attentif	ADJ
.	.	PUNCTsent
)	)	PUNCTclause
Mais	mais	CCONJ
,	,	PUNCTclause
monsieur	monsieur	NOUN
A	avoir	X
,	,	PUNCTclause
vous	vous	PRON
êtes	être	AUX
bien	bien	ADV
difficile	difficile	ADJ
!	!	PUNCTsent
(	(	PUNCTclause
Elle	elle	PRON
sourit	sourire	VERB
malicieusement	malicieusement	ADV
.	.	PUNCTsent
)	)	PUNCTclause
Il	il	PRON
me	me	PRON
semble	sembler	VERB
que	que	SCONJ
les	le	DET
sots	sot	NOUN
ont	avoir	AUX
tout	tout	ADV
autant	autant	ADV
de	de	ADP
défauts	défaut	NOUN
que	que	SCONJ
les	le	DET
gens	gens	NOUN
de	de	ADP
talent	talent	NOUN
,	,	PUNCTclause
à	à	ADP
cette	ce	DET
différence	différence	NOUN
près	près	ADV
que	que	SCONJ
ils	ils	PRON
ne	ne	ADV
savent	savoir	VERB
pas	pas	ADV
se	se	PRON
les	le:PRON	PRON
faire	faire	AUX
pardonner	pardonner	VERB
!…	!…	PUNCTsent
↵↵	↵↵	PUNCTstruct
Mari	mari	NOUN
A.	A.	PROPN
(	(	PUNCTclause
Piqué	Piqué	PROPN
.	.	PUNCTsent
)	)	PUNCTclause
Vous	vous	PRON
conviendrez	convenir	VERB
,	,	PUNCTclause
au moins	au moins	ADV
,	,	PUNCTclause
madame	madame	NOUN
,	,	PUNCTclause
que	que	SCONJ
ils	ils	PRON
ne	ne	ADV
sont	être	AUX
guère	guère	ADV
aimables	aimable	ADJ
auprès de	auprès de	ADP
vous	vous	PRON
…	…	PUNCTsent
↵↵	↵↵	PUNCTstruct
Femme	femme	NOUN
B.	B.	PROPN
(	(	PUNCTclause
Vivement	Vivement	PROPN
.	.	PUNCTsent
)	)	PUNCTclause
Qui	qui	PRON
vous	vous	PRON
l'	le:PRON	PRON
a	avoir	AUX
dit	dire	VERB
?	?	PUNCTsent
↵↵	↵↵	PUNCTstruct
Mari	mari	NOUN
A.	A.	PROPN
(	(	PUNCTclause
Souriant	Souriant	NOUN
.	.	PUNCTsent
)	)	PUNCTclause
Ne	ne	ADV
vous	vous	PRON
écrasent	écraser	VERB
ils	ils	PRON
pas	pas	ADV
à	à	ADP
toute	toute	DET
heure	heure	NOUN
de	de	ADP
leur	leur	DET
supériorité	supériorité	NOUN
?	?	PUNCTsent
La	le	DET
vanité	vanité	NOUN
est	être	AUX
si	si	ADV
puissante	puissant	ADJ
dans	dans	ADP
leurs	leur	DET
âmes	âme	NOUN
,	,	PUNCTclause
que	que	SCONJ
entre	entre	ADP
vous	vous	PRON
et	et	CCONJ
eux	eux	PRON
il	il	PRON
doit	devoir	VERB
y	y	PRON
avoir	avoir	VERB
double	doubler	VERB
emploi	emploi	NOUN
…	…	PUNCTsent
↵↵	↵↵	PUNCTstruct
La	le	DET
maîtresse	maître	NOUN
de	de	ADP
la	le	DET
maison	maison	NOUN
.	.	PUNCTsent
(	(	PUNCTclause
à part	à part	ADP
à	à	ADP
la	le	DET
Femme	Femme	NOUN
A.	A.	PROPN
)	)	PUNCTclause
Tu	Tu	PROPN
l'	le:PRON	PRON
as	avoir	AUX
bien	bien	ADV
mérité	mériter	VERB
,	,	PUNCTclause
ma	mon	DET
chère	chère	NOUN
…	…	PUNCTsent
(	(	PUNCTclause
La	le	DET
femme	femme	NOUN
A	avoir	ADP
lève	lever	VERB
les	le	DET
épaules	épaule	NOUN
.	.	PUNCTsent
)	)	PUNCTclause
↵↵	↵↵	PUNCTstruct
Mari	mari	NOUN
A.	A.	PROPN
(	(	PUNCTclause
Continuant	continuer	VERB
toujours	toujours	ADV
.	.	PUNCTsent
)	)	PUNCTclause
Puis	puis	CCONJ
l'	le	DET
habitude	habitude	NOUN
que	que	PRON
ils	ils	PRON
ont	avoir	VERB
de	de	ADP
combiner	combiner	VERB
des	un	DET
idées	idée	NOUN
leur	leur	PRON
révélant	révéler	VERB
le	le	DET
mécanisme	mécanisme	NOUN
des	un	ADP_DET
sentiments	sentiment	NOUN
,	,	PUNCTclause
pour	pour	ADP
eux	eux	PRON
l'	le	DET
amour	amour	NOUN
devient	devenir	VERB
purement	purement	ADV
physique	physique	ADJ
,	,	PUNCTclause
et	et	CCONJ
l'on	on	PRON
sait	savoir	VERB
que	que	SCONJ
ils	ils	PRON
ne	ne	ADV
brillent	briller	VERB
pas	pas	ADV
…	…	PUNCTsent
↵↵	↵↵	PUNCTstruct
Femme	femme	NOUN
B.	B.	PROPN
(	(	PUNCTclause
Se	Se	PROPN
pinçant	pincer	VERB
les	le	DET
lèvres	lèvre	NOUN
et	et	CCONJ
interrompant	interrompre	VERB
.	.	PUNCTsent
)	)	PUNCTclause
Il	il	PRON
me	me	PRON
semble	sembler	VERB
,	,	PUNCTclause
monsieur	monsieur	NOUN
,	,	PUNCTclause
que	que	SCONJ
nous	nous	PRON
sommes	être	AUX
seules	seul	ADJ
juges	juge	NOUN
de	de	ADP
ce	ce	DET
procès	procès	NOUN
.	.	PUNCTsent
Mais	mais	CCONJ
,	,	PUNCTclause
je	je	PRON
conçois	concevoir	VERB
que	que	SCONJ
les	le	DET
gens du monde	gens du monde	NOUN
ne	ne	ADV
aiment	aimer	VERB
pas	pas	ADV
les	le	DET
gens	gens	NOUN
de	de	ADP
lettres	lettre	NOUN
!…	!…	PUNCTsent
Allez	aller	VERB
,	,	PUNCTclause
il	il	PRON
vous	vous	PRON
est	être	AUX
plus	plus	ADV
facile	facile	ADJ
de	de	ADP
les	le	DET
critiquer	critiquer	VERB
que	que	PRON
de	de	ADP
leur	leur	DET
ressembler	ressembler	VERB
.	.	PUNCTsent
↵↵	↵↵	PUNCTstruct
Mari	mari	NOUN
A.	A.	PROPN
(	(	PUNCTclause
Dédaigneusement	Dédaigneusement	PROPN
.	.	PUNCTsent
)	)	PUNCTclause
ho	ho	INTJ
!	!	PUNCTsent
madame	madame	NOUN
,	,	PUNCTclause
les	le	DET
gens du monde	gens du monde	NOUN
peuvent	pouvoir	VERB
attaquer	attaquer	VERB
les	le	DET
auteurs	auteur	NOUN
du	du	ADP_DET
temps	temps	NOUN
présent	présent	ADJ
sans	sans	ADP
être	être	AUX
taxés	taxer	VERB
de	de	ADP
envie	envie	NOUN
.	.	PUNCTsent
il y a	il y a	VERB
tel	tel	DET
homme	homme	NOUN
de	de	ADP
salon	salon	NOUN
qui	qui	PRON
,	,	PUNCTclause
si	si	SCONJ
il	il	PRON
écrivait	écrire	VERB
…	…	PUNCTsent
↵↵	↵↵	PUNCTstruct
Femme	femme	NOUN
B.	B.	PROPN
(	(	PUNCTclause
Avec	avec	ADP
chaleur	chaleur	NOUN
.	.	PUNCTsent
)	)	PUNCTclause
Malheureusement	malheureusement	ADV
pour	pour	ADP
vous	vous	PRON
,	,	PUNCTclause
monsieur	monsieur	NOUN
,	,	PUNCTclause
quelques-uns	quelques-uns	PRON
de	de	ADP
vos	vos	DET
amis	ami	NOUN
de	de	ADP
la	le	DET
Chambre	Chambre	NOUN
ont	avoir	AUX
écrit	écrire	VERB
des	un	DET
romans	roman	NOUN
,	,	PUNCTclause
avez	avoir	AUX
vous	vous	PRON
pu	pouvoir	VERB
les	le	DET
lire	lire	NOUN
?…	?…	PUNCTsent
Mais	mais	CCONJ
vraiment	vraiment	ADV
,	,	PUNCTclause
aujourd'hui	aujourd'hui	ADV
,	,	PUNCTclause
il	il	PRON
faut	falloir	VERB
faire	faire	VERB
des	un	DET
recherches	recherche	NOUN
historiques	historique	ADJ
pour	pour	ADP
la	le	DET
moindre	moindre	ADJ
conception	conception	NOUN
,	,	PUNCTclause
il	il	PRON
faut	falloir	VERB
…	…	PUNCTsent
↵↵	↵↵	PUNCTstruct
Mari	mari	NOUN
B.	B.	PROPN
(	(	PUNCTclause
Ne	ne	ADV
répondant	répondre	VERB
plus	plus	ADV
à	à	ADP
sa	son	DET
voisine	voisin	NOUN
,	,	PUNCTclause
et	et	CCONJ
à part	à part	ADP
.	.	PUNCTsent
)	)	PUNCTclause
ho	ho	INTJ
!	!	PUNCTsent
ho	ho	INTJ
!	!	PUNCTsent
est-ce que	est-ce que	ADV
ce	ce	PRON
serait	être	AUX
monsieur	monsieur	NOUN
de	de	ADP
L.	L.	PROPN
(	(	PUNCTclause
l'	le	DET
auteur	auteur	NOUN
des	un	ADP_DET
Rêves	Rêves	NOUN
de	de	ADP
une	un	DET
jeune	jeune	ADJ
fille	fille	NOUN
)	)	PUNCTclause
,	,	PUNCTclause
que	que	PRON
ma	mon	DET
femme	femme	NOUN
aimerait	aimer	VERB
…	…	PUNCTsent
Cela	cela	PRON
est	être	AUX
singulier	singulier	ADJ
,	,	PUNCTclause
je	je	PRON
croyais	croire	VERB
que	que	SCONJ
ce	ce	PRON
était	être	AUX
le	le	DET
docteur	docteur	NOUN
M	M	SYM
…	…	PUNCTsent
Voyons	voir	VERB
…	…	PUNCTsent
(	(	PUNCTclause
Haut	haut	NOUN
.	.	PUNCTsent
)	)	PUNCTclause
Savez	savoir	VERB
vous	vous	PRON
,	,	PUNCTclause
ma	mon	DET
chère	chère	NOUN
,	,	PUNCTclause
que	que	SCONJ
vous	vous	PRON
avez	avoir	VERB
raison	raison	NOUN
dans	dans	ADP
ce	ce	DET
que	que	SCONJ
vous	vous	PRON
dites	dire	VERB
?	?	PUNCTsent
(	(	PUNCTclause
On	on	PRON
rit	rire	VERB
.	.	PUNCTsent
)	)	PUNCTclause
Vraiment	vraiment	ADV
,	,	PUNCTclause
je	je	PRON
préférerai	préférer	VERB
toujours	toujours	ADV
avoir	avoir	VERB
dans	dans	ADP
mon	mon	DET
salon	salon	NOUN
des	un	ADP_DET
artistes	artiste	NOUN
et	et	CCONJ
des	un	DET
gens	gens	NOUN
de	de	ADP
lettres	lettre	NOUN
(	(	PUNCTclause
à part	à part	ADP
:	:	PUNCTclause
Quand	quand	SCONJ
nous	nous	PRON
recevrons	recevoir	VERB
)	)	PUNCTclause
à	à	ADP
y	y	PRON
voir	voir	VERB
des	un	DET
gens	gens	NOUN
d'autres	d'autre	PRON
métiers	métier	NOUN
.	.	PUNCTsent
au moins	au moins	ADV
les	le	DET
artistes	artiste	NOUN
parlent	parler	VERB
de	de	ADP
choses	chose	NOUN
qui	qui	PRON
sont	être	AUX
à	à	ADP
la	le	DET
portée	portée	NOUN
de	de	ADP
tous	tout	ADJ
les	le	DET
esprits	esprit	NOUN
;	;	PUNCTclause
car	car	CCONJ
,	,	PUNCTclause
quelle	quel	DET
est	être	AUX
la	le	DET
personne	personne	NOUN
qui	qui	PRON
ne	ne	ADV
se	se	PRON
croit	croire	VERB
pas	pas	ADV
du	du	ADP_DET
goût	goût	NOUN
?	?	PUNCTsent
Mais	mais	CCONJ
les	le	DET
juges	juge	NOUN
,	,	PUNCTclause
les	le	DET
avocats	avocat	NOUN
,	,	PUNCTclause
les	le	DET
médecins	médecin	NOUN
surtout	surtout	ADV
…	…	PUNCTsent
ha	ha	INTJ
!	!	PUNCTsent
je	je	PRON
avoue	avouer	VERB
que	que	SCONJ
les	le:PRON	PRON
entendre	entendre	VERB
toujours	toujours	ADV
parler	parler	VERB
procès	procès	NOUN
et	et	CCONJ
maladie	maladie	NOUN
,	,	PUNCTclause
les	le	DET
deux	deux	NUM
genres	genre	NOUN
de	de	ADP
infirmités	infirmité	NOUN
humaines	humain	ADJ
qui	qui	PRON
…	…	PUNCTsent
↵↵	↵↵	PUNCTstruct
Femme	femme	NOUN
B.	B.	PROPN
(	(	PUNCTclause
Quittant	Quittant	PROPN
sa	son	DET
conversation	conversation	NOUN
avec	avec	ADP
sa	son	DET
voisine	voisin	NOUN
pour	pour	ADP
répondre	répondre	VERB
à	à	ADP
son	son	DET
mari	mari	NOUN
.	.	PUNCTsent
)	)	PUNCTclause
ha	ha	INTJ
!	!	PUNCTsent
les	le	DET
médecins	médecin	NOUN
sont	être	AUX
insupportables	insupportable	ADJ
!…	!…	PUNCTsent
↵↵	↵↵	PUNCTstruct
Femme	femme	NOUN
A.	A.	PROPN
(	(	PUNCTclause
La	le	DET
voisine	voisin	NOUN
du	du	ADP_DET
mari	mari	NOUN
B	B	PROPN
,	,	PUNCTclause
parlant	parler	VERB
en même temps	en même temps	ADV
.	.	PUNCTsent
)	)	PUNCTclause
Mais	mais	CCONJ
qu'est-ce que	qu'est-ce que	ADV
vous	vous	PRON
dites	dire	VERB
donc	donc	ADV
là	là	ADV
,	,	PUNCTclause
mon	mon	DET
voisin	voisin	NOUN
?…	?…	PUNCTsent
Vous	vous	PRON
vous	vous	PRON
trompez	tromper	VERB
étrangement	étrangement	ADV
.	.	PUNCTsent
Aujourd'hui	aujourd'hui	ADV
,	,	PUNCTclause
personne	personne:PRON	PRON
ne	ne	ADV
veut	vouloir	VERB
avoir l'air	avoir l'air	VERB
de	de	ADP
est-ce que	est-ce que	ADV
il	il	PRON
est	être	AUX
:	:	PUNCTclause
les	le	DET
médecins	médecin	NOUN
,	,	PUNCTclause
puisque	puisque	SCONJ
vous	vous	PRON
citez	citer	VERB
les	le	DET
médecins	médecin	NOUN
,	,	PUNCTclause
se	se	PRON
efforcent	efforcer	VERB
toujours	toujours	ADV
de	de	ADP
ne	ne	ADV
pas	pas	ADV
se	se	PRON
entretenir	entretenir	VERB
de	de	ADP
l'	le	DET
art	art	NOUN
que	que	SCONJ
ils	ils	PRON
professent	professer	VERB
.	.	PUNCTsent
Ils	ils	PRON
parlent	parler	VERB
politique	politique	ADJ
,	,	PUNCTclause
modes	mode	NOUN
,	,	PUNCTclause
spectacles	spectacle	NOUN
;	;	PUNCTclause
racontent	raconter	VERB
,	,	PUNCTclause
font	faire	VERB
des	un	DET
livres	livre	NOUN
mieux	mieux	ADV
que	que	PRON
les	le	DET
auteurs	auteur	NOUN
même	même	ADV
,	,	PUNCTclause
et	et	CCONJ
il y a	il y a	VERB
loin de	loin de	ADP
un	un	DET
médecin	médecin	NOUN
de	de	ADP
aujourd'hui	aujourd'hui	ADV
à	à	ADP
ceux	ceux	PRON
de	de	ADP
Molière	Molière	PROPN
…	…	PUNCTsent
↵↵	↵↵	PUNCTstruct
Mari	mari	NOUN
A.	A.	PROPN
(	(	PUNCTclause
à part	à part	ADP
.	.	PUNCTsent
)	)	PUNCTclause
Ouais	ouais	CCONJ
!	!	PUNCTsent
ma	mon	DET
femme	femme	NOUN
aimerait	aimer	VERB
le	le	DET
docteur	docteur	NOUN
M	M	SYM
…	…	PUNCTsent
?	?	PUNCTsent
voilà	voilà	ADP
qui	qui	PRON
est	être	AUX
particulier	particulier	ADJ
.	.	PUNCTsent
(	(	PUNCTclause
Haut	haut	NOUN
.	.	PUNCTsent
)	)	PUNCTclause
Cela	cela	PRON
est	être	AUX
possible	possible	ADJ
,	,	PUNCTclause
ma	mon	DET
chère	chère	NOUN
,	,	PUNCTclause
mais	mais	CCONJ
je	je	PRON
ne	ne	ADV
donnerais	donner	VERB
pas	pas	ADV
mon	mon	DET
chien	chien	NOUN
à	à	ADP
soigner	soigner	VERB
aux	au	ADP_DET
médecins	médecin	NOUN
qui	qui	PRON
écrivent	écrire	VERB
.	.	PUNCTsent
↵↵	↵↵	PUNCTstruct
Femme	femme	NOUN
A.	A.	PROPN
(	(	PUNCTclause
Interrompant	Interrompant	PROPN
son	son	DET
mari	mari	NOUN
.	.	PUNCTsent
)	)	PUNCTclause
Cela	cela	PRON
est	être	AUX
injuste	injuste	ADJ
;	;	PUNCTclause
je	je	PRON
connais	connaître	VERB
des	un	DET
gens	gens	NOUN
qui	qui	PRON
ont	avoir	VERB
cinq	cinq	NUM
à	à	ADP
six	six	NUM
places	place	NOUN
,	,	PUNCTclause
et	et	CCONJ
en	en	PRON
qui	qui	PRON
le	le:PRON	PRON
gouvernement	gouvernement	NOUN
paraît	paraître	VERB
avoir	avoir	AUX
assez	assez	ADV
de	de	ADP
confiance	confiance	NOUN
;	;	PUNCTclause
d'ailleurs	d'ailleurs	ADV
,	,	PUNCTclause
il	il	PRON
est	être	AUX
plaisant	plaire	VERB
,	,	PUNCTclause
monsieur	monsieur	NOUN
A.	A.	PROPN
,	,	PUNCTclause
que	que	SCONJ
ce	ce	PRON
soit	être	AUX
vous	vous	PRON
qui	qui	PRON
disiez	dire	VERB
cela	cela	PRON
,	,	PUNCTclause
vous	vous	PRON
qui	qui	PRON
faites	faire	VERB
le	le	DET
plus	plus	ADV
grand	grand	ADJ
cas	cas	NOUN
du	du	ADP_DET
docteur	docteur	NOUN
M	M	PROPN
…	…	PUNCTsent
↵↵	↵↵	PUNCTstruct
Mari	mari	NOUN
A.	A.	PROPN
(	(	PUNCTclause
à part	à part	ADP
.	.	PUNCTsent
)	)	PUNCTclause
Plus	plus	ADV
de	de	ADP
doute	doute	NOUN
.	.	PUNCTsent
↵↵↵	↵↵↵	PUNCTstruct
La	le	DET
fallacieuse	fallacieux	ADJ
.	.	PUNCTsent
↵↵	↵↵	PUNCTstruct
Un	un	DET
mari	mari	NOUN
.	.	PUNCTsent
(	(	PUNCTclause
Rentrant	rentrer	VERB
chez	chez	ADP
lui	lui	PRON
.	.	PUNCTsent
)	)	PUNCTclause
Ma	mon	DET
chère	chère	NOUN
,	,	PUNCTclause
nous	nous	PRON
sommes	être	AUX
invités	inviter	VERB
par	par	ADP
madame	madame	NOUN
de	de	ADP
Fischtaminel	Fischtaminel	PROPN
au	au	ADP_DET
concert	concert	NOUN
que	que	SCONJ
elle	elle	PRON
donnera	donner	VERB
mardi	mardi	NOUN
prochain	prochain	ADJ
.	.	PUNCTsent
Je	je	PRON
comptais	compter	VERB
y	y	PRON
va pour	va pour	ADP
parler	parler	VERB
au	au	ADP_DET
jeune	jeune	ADJ
cousin	cousin	NOUN
du	du	ADP_DET
ministre	ministre	NOUN
qui	qui	PRON
devait	devoir	VERB
y	y	PRON
chanter	chanter	VERB
;	;	PUNCTclause
mais	mais	CCONJ
il	il	PRON
est	être	AUX
allé	aller	VERB
à	à	ADP
Frouville	Frouville	PROPN
,	,	PUNCTclause
chez	chez	ADP
sa	son	DET
tante	tante	NOUN
.	.	PUNCTsent
Que	que	SCONJ
prétends	prétendre	VERB
tu	tu	PRON
faire	faire	VERB
?…	?…	PUNCTsent
↵↵	↵↵	PUNCTstruct
La	le	DET
femme	femme	NOUN
.	.	PUNCTsent
Mais	mais	CCONJ
les	le	DET
concerts	concert	NOUN
me	me	PRON
ennuient	ennuyer	VERB
à	à	ADP
la	le	DET
mort	mort	NOUN
!…	!…	PUNCTsent
Il	il	PRON
faut	falloir	VERB
rester	rester	VERB
clouée	clouer	VERB
sur	sur	ADP
une	un	DET
chaise	chaise	NOUN
des	un	ADP_DET
heures	heure	NOUN
entières	entier	ADJ
sans	sans	ADP
rien	rien	PRON
dire	dire	VERB
…	…	PUNCTsent
Tu	tu	PRON
sais	savoir	VERB
bien	bien	ADV
d'ailleurs	d'ailleurs	ADV
que	que	SCONJ
nous	nous	PRON
dînons	dîner	VERB
ce	ce	DET
jour	jour	NOUN
chez	chez	ADP
ma	mon	DET
mère	mère	NOUN
,	,	PUNCTclause
et	et	CCONJ
que	que	SCONJ
il	il	PRON
nous	nous	PRON
est	être	AUX
impossible	impossible	ADJ
de	de	ADP
manquer	manquer	VERB
à	à	ADP
lui	lui	PRON
souhaiter	souhaiter	VERB
sa	son	DET
fête	fête	NOUN
.	.	PUNCTsent
↵↵	↵↵	PUNCTstruct
Le	le	DET
mari	mari	NOUN
.	.	PUNCTsent
(	(	PUNCTclause
Négligemment	négligemment	ADV
.	.	PUNCTsent
)	)	PUNCTclause
ha	ha	INTJ
!	!	PUNCTsent
ce	ce	PRON
est	être	AUX
vrai	vrai	ADJ
.	.	PUNCTsent
↵↵	↵↵	PUNCTstruct
(	(	PUNCTclause
Trois	Trois	NUM
jours	jour	NOUN
après	après	ADV
.	.	PUNCTsent
)	)	PUNCTclause
↵↵	↵↵	PUNCTstruct
Le	le	DET
mari	mari	NOUN
.	.	PUNCTsent
(	(	PUNCTclause
En	en	ADP
se	se	PRON
couchant	coucher	VERB
.	.	PUNCTsent
)	)	PUNCTclause
Tu	tu	PRON
ne	ne	ADV
sais	savoir	VERB
pas	pas	ADV
,	,	PUNCTclause
mon	mon	DET
ange	ange	NOUN
?	?	PUNCTsent
Demain	demain	ADV
,	,	PUNCTclause
je	je	PRON
te	te	PRON
laisserai	laisser	VERB
chez	chez	ADP
ta	ton	DET
mère	mère	NOUN
,	,	PUNCTclause
parce que	parce que	SCONJ
le	le	DET
comte	comte	NOUN
est	être	AUX
revenu	revenir	VERB
de	de	ADP
Frouville	Frouville	PROPN
,	,	PUNCTclause
et	et	CCONJ
que	que	SCONJ
il	il	PRON
sera	être	AUX
chez	chez	ADP
madame	madame	NOUN
de	de	ADP
Fischtaminel	Fischtaminel	PROPN
.	.	PUNCTsent
↵↵	↵↵	PUNCTstruct
La	le	DET
femme	femme	NOUN
.	.	PUNCTsent
(	(	PUNCTclause
Vivement	vivement	ADV
.	.	PUNCTsent
)	)	PUNCTclause
Mais	mais	CCONJ
pourquoi	pourquoi	ADV
irais	aller	VERB
tu	tu	PRON
donc	donc	ADV
tout	tout	PRON
seul	seul	ADJ
?	?	PUNCTsent
Voyez	voir	VERB
un	un	DET
peu	peu	ADV
,	,	PUNCTclause
moi	moi	PRON
qui	qui	PRON
adore	adorer	VERB
la	le	DET
musique	musique	NOUN
!	!	PUNCTsent
↵↵↵	↵↵↵	PUNCTstruct
La	le	DET
souricière	souricier	NOUN
à	à	ADP
détente	détente	NOUN
.	.	PUNCTsent
↵↵	↵↵	PUNCTstruct
La	le	DET
femme	femme	NOUN
.	.	PUNCTsent
Pourquoi	pourquoi	ADV
vous	vous	PRON
en	en	PRON
allez	aller	VERB
vous	vous	PRON
donc	donc	ADV
de	de	ADP
si	si	ADV
bonne	bon	ADJ
heure	heure	NOUN
ce	ce	DET
soir	soir	NOUN
?…	?…	PUNCTsent
↵↵	↵↵	PUNCTstruct
Le	le	DET
mari	mari	NOUN
.	.	PUNCTsent
(	(	PUNCTclause
Mystérieusement	mystérieusement	ADV
.	.	PUNCTsent
)	)	PUNCTclause
ha	ha	INTJ
!	!	PUNCTsent
ce	ce	PRON
est	être	AUX
pour	pour	ADP
une	un	DET
affaire	affaire	NOUN
d'autant	d'autant	ADP
plus	plus	ADV
douloureuse	douloureux	ADJ
,	,	PUNCTclause
que	que	SCONJ
je	je	PRON
ne	ne	ADV
vois	voir	VERB
vraiment	vraiment	ADV
pas	pas	ADV
comment	comment	ADV
je	je	PRON
vais	aller	VERB
faire	faire	VERB
pour	pour	ADP
l'	le	DET
arranger	arranger	VERB
!…	!…	PUNCTsent
↵↵	↵↵	PUNCTstruct
La	le	DET
femme	femme	NOUN
.	.	PUNCTsent
De	de	ADP
quoi	quoi	PRON
se	se	PRON
agit	agir	VERB
il	il	PRON
donc	donc	ADV
?	?	PUNCTsent
Adolphe	Adolphe	PROPN
,	,	PUNCTclause
tu	tu	PRON
es	être	AUX
un	un	DET
monstre	monstre	NOUN
si	si	SCONJ
tu	tu	PRON
ne	ne	ADV
me	me	PRON
dis	dire	VERB
pas	pas	ADV
ce	ce	DET
que	que	SCONJ
tu	tu	PRON
vas	aller	VERB
faire	faire	AUX
…	…	PUNCTsent
↵↵	↵↵	PUNCTstruct
Le	le	DET
mari	mari	NOUN
.	.	PUNCTsent
Ma	mon	DET
chère	chère	NOUN
,	,	PUNCTclause
cet	ce	DET
étourdi	étourdi	NOUN
de	de	ADP
Prosper	Prosper	PROPN
Magnan	Magnan	PROPN
a	avoir	AUX
un	un	DET
duel	duel	NOUN
avec	avec	ADP
monsieur	monsieur	NOUN
de	de	ADP
Fontanges	Fontanges	PROPN
à propos de	à propos de	ADP
une	un	DET
fille	fille	NOUN
de	de	ADP
Opéra	Opéra	PROPN
…	…	PUNCTsent
que	que	SCONJ
as	as	NOUN
tu	tu	PRON
donc	donc	ADV
?…	?…	PUNCTsent
↵↵	↵↵	PUNCTstruct
La	le	DET
femme	femme	NOUN
.	.	PUNCTsent
Rien	rien	PRON
…	…	PUNCTsent
Il	il	PRON
fait	faire	AUX
très-chaud	très-chaud	ADV
ici	ici	ADV
.	.	PUNCTsent
Ensuite	ensuite	ADV
,	,	PUNCTclause
je	je	PRON
ne	ne	ADV
sais	savoir	VERB
pas	pas	ADV
de	de	ADP
où	où	PRON
cela	cela	PRON
peut	pouvoir	VERB
venir	venir	VERB
…	…	PUNCTsent
mais	mais	CCONJ
pendant	pendant	ADP
toute	tout	ADJ
la	le	DET
journée	journée	NOUN
…	…	PUNCTsent
il	il	PRON
me	me	PRON
a	avoir	AUX
monté	monter	VERB
des	un	DET
feux	feu	NOUN
au	au	ADP_DET
visage	visage	NOUN
…	…	PUNCTsent
↵↵	↵↵	PUNCTstruct
Le	le	DET
mari	mari	NOUN
.	.	PUNCTsent
(	(	PUNCTclause
à part	à part	ADP
.	.	PUNCTsent
)	)	PUNCTclause
Elle	elle	PRON
aime	aimer	VERB
monsieur	monsieur	NOUN
de	de	ADP
Fontanges	Fontanges	PROPN
!	!	PUNCTsent
(	(	PUNCTclause
Haut	haut	NOUN
.	.	PUNCTsent
)	)	PUNCTclause
Célestine	Célestine	PROPN
!	!	PUNCTsent
(	(	PUNCTclause
Il	il	PRON
crie	crier	VERB
plus	plus	ADV
fort	fort	ADV
.	.	PUNCTsent
)	)	PUNCTclause
Célestine	Célestine	PROPN
,	,	PUNCTclause
accourez	accourir	VERB
donc	donc	ADV
,	,	PUNCTclause
madame	madame	NOUN
se	se	PRON
trouve	trouver	VERB
mal	mal	ADV
!…	!…	PUNCTsent
↵↵	↵↵	PUNCTstruct
Vous	vous	PRON
comprenez	comprendre	VERB
que	que	SCONJ
un	un	DET
mari	mari	NOUN
de	de	ADP
esprit	esprit	NOUN
doit	devoir	VERB
trouver	trouver	VERB
mille	mille	NUM
manières	manière	NOUN
de	de	ADP
tendre	tendre	VERB
ces	ce	DET
trois	trois	NUM
espèces	espèce	NOUN
de	de	ADP
souricières	souricier	NOUN
.	.	PUNCTsent
↵↵↵	↵↵↵	PUNCTstruct
		TOKEN
—	—	PUNCTclause
De	de	ADP
la	le	DET
correspondance	correspondance	NOUN
.	.	PUNCTsent
↵↵	↵↵	PUNCTstruct
Écrire	écrire	VERB
une	un	DET
lettre	lettre	NOUN
et	et	CCONJ
la	le	DET
faire	faire	AUX
jeter	jeter	VERB
à	à	ADP
la	le	DET
poste	poste	NOUN
;	;	PUNCTclause
recevoir	recevoir	VERB
la	le	DET
réponse	réponse	NOUN
,	,	PUNCTclause
la	le	DET
lire	lire	NOUN
et	et	CCONJ
la	le	DET
brûler	brûler	VERB
;	;	PUNCTclause
voilà	voilà	ADP
la	le	DET
correspondance	correspondance	NOUN
réduite	réduire	VERB
à	à	ADP
sa	son	DET
plus	plus	ADV
simple	simple	ADJ
expression	expression	NOUN
.	.	PUNCTsent
↵↵	↵↵	PUNCTstruct
Cependant	cependant	ADV
examinez	examiner	VERB
quelles	quel	DET
immenses	immense	ADJ
ressources	ressource	NOUN
la	le	DET
civilisation	civilisation	NOUN
,	,	PUNCTclause
nos	nos	DET
mœurs	mœurs	NOUN
et	et	CCONJ
l'	le	DET
amour	amour	NOUN
ont	avoir	AUX
mises	miser	VERB
à	à	ADP
la	le	DET
disposition	disposition	NOUN
des	un	ADP_DET
femmes	femme	NOUN
pour	pour	ADP
soustraire	soustraire	VERB
ces	ce	DET
actes	acte	NOUN
matériels	matériel	ADJ
à	à	ADP
la	le	DET
pénétration	pénétration	NOUN
maritale	marital	ADJ
.	.	PUNCTsent
↵↵	↵↵	PUNCTstruct
La	le	DET
boîte	boîte	NOUN
inexorable	inexorable	ADJ
qui	qui	PRON
tend	tendre	VERB
une	un	DET
bouche	bouche	NOUN
ouverte	ouvrir	VERB
à	à	ADP
tous	tous	PRON
venants	venant	ADP
reçoit	recevoir	VERB
sa	son	DET
pâture	pâture	NOUN
budgétaire	budgétaire	ADJ
de	de	ADP
toutes	tout	ADJ
mains	main	NOUN
.	.	PUNCTsent
↵↵	↵↵	PUNCTstruct
il y a	il y a	VERB
l'	le	DET
invention	invention	NOUN
fatale	fatal	ADJ
des	un	ADP_DET
bureaux	bureau	NOUN
restants	restant	ADJ
.	.	PUNCTsent
↵↵	↵↵	PUNCTstruct
Un	un	DET
amant	amant	NOUN
trouve	trouver	VERB
dans	dans	ADP
le	le	DET
monde	monde	NOUN
cent	cent	NUM
charitables	charitable	ADJ
personnes	personne	NOUN
,	,	PUNCTclause
masculines	masculin	ADJ
ou	ou	CCONJ
féminines	féminin	ADJ
,	,	PUNCTclause
qui	qui	PRON
,	,	PUNCTclause
à	à	ADP
charge	charge	NOUN
de	de	ADP
revanche	revanche	NOUN
,	,	PUNCTclause
glisseront	glisser	VERB
le	le	DET
doux	doux	ADJ
billet	billet	NOUN
dans	dans	ADP
la	le	DET
main	main	NOUN
amoureuse	amoureux	ADJ
et	et	CCONJ
intelligente	intelligent	ADJ
de	de	ADP
sa	son	DET
belle	beau	ADJ
maîtresse	maître	NOUN
.	.	PUNCTsent
↵↵	↵↵	PUNCTstruct
La	le	DET
correspondance	correspondance	NOUN
est	être	AUX
un	un	DET
Protée	Protée	NOUN
.	.	PUNCTsent
il y a	il y a	VERB
des	un	DET
encres	encre	NOUN
sympathiques	sympathique	ADJ
,	,	PUNCTclause
et	et	CCONJ
un	un	DET
jeune	jeune	ADJ
célibataire	célibataire	NOUN
nous	nous	PRON
a	avoir	AUX
confié	confier	VERB
avoir	avoir	AUX
écrit	écrire	VERB
une	un	DET
lettre	lettre	NOUN
sur	sur	ADP
la	le	DET
garde	garde	NOUN
blanche	blanc	ADJ
de	de	ADP
un	un	DET
livre	livre	NOUN
nouveau	nouveau	ADJ
qui	qui	PRON
,	,	PUNCTclause
demandé	demander	VERB
au	au	ADP_DET
libraire	libraire	NOUN
par	par	ADP
le	le	DET
mari	mari	NOUN
,	,	PUNCTclause
est	être	AUX
arrivé	arriver	VERB
entre	entre	ADP
les	le	DET
mains	main	NOUN
de	de	ADP
sa	son	DET
maîtresse	maître	NOUN
,	,	PUNCTclause
prévenue	prévenir	VERB
la	le	DET
veille	veille	NOUN
de	de	ADP
cette	ce	DET
ruse	ruse	NOUN
adorable	adorable	ADJ
.	.	PUNCTsent
↵↵	↵↵	PUNCTstruct
La	le	DET
femme	femme	NOUN
amoureuse	amoureux	ADJ
qui	qui	PRON
redoutera	redouter	VERB
la	le	DET
jalousie	jalousie	NOUN
de	de	ADP
un	un	DET
mari	mari	NOUN
écrira	écrire	VERB
,	,	PUNCTclause
lira	lire	VERB
des	un	DET
billets-doux	billets-doux	NOUN
pendant	pendant	ADP
le	le	DET
temps	temps	NOUN
consacré	consacrer	VERB
à	à	ADP
ces	ce	DET
mystérieuses	mystérieux	ADJ
occupations	occupation	NOUN
pendant	pendant	ADP
lesquelles	lesquelles	PRON
le	le	DET
mari	mari	NOUN
le	le	DET
plus	plus	ADV
tyrannique	tyrannique	ADJ
est	être	AUX
obligé	obliger	VERB
de	de	ADP
la	le	DET
laisser	laisser	VERB
libre	libre	ADJ
.	.	PUNCTsent
↵↵	↵↵	PUNCTstruct
Enfin	enfin	ADV
les	le	DET
amants	amant	NOUN
ont	avoir	AUX
tous	tous	PRON
l'	le	DET
art	art	NOUN
de	de	ADP
créer	créer	VERB
une	un	DET
télégraphie	télégraphie	NOUN
particulière	particulier	ADJ
dont	dont	PRON
les	le	DET
capricieux	capricieux	ADJ
signaux	signal	NOUN
sont	être	AUX
bien	bien	ADV
difficiles	difficile	ADJ
à	à	ADP
comprendre	comprendre	VERB
.	.	PUNCTsent
Au	au	ADP_DET
bal	bal	NOUN
,	,	PUNCTclause
une	un	DET
fleur	fleur	NOUN
bizarrement	bizarrement	ADV
placée	placer	VERB
dans	dans	ADP
la	le	DET
coiffure	coiffure	NOUN
;	;	PUNCTclause
au	au	ADP_DET
spectacle	spectacle	NOUN
,	,	PUNCTclause
un	un	DET
mouchoir	mouchoir	NOUN
déplié	déplier	VERB
sur	sur	ADP
le	le	DET
devant	devant	NOUN
de	de	ADP
la	le	DET
loge	loge	NOUN
;	;	PUNCTclause
une	un	DET
démangeaison	démangeaison	NOUN
au	au	ADP_DET
nez	nez	NOUN
,	,	PUNCTclause
la	le	DET
couleur	couleur	NOUN
particulière	particulier	ADJ
de	de	ADP
une	un	DET
ceinture	ceinture	NOUN
,	,	PUNCTclause
un	un	DET
chapeau	chapeau	NOUN
mis	mettre	VERB
ou	ou	CCONJ
ôté	ôter	VERB
,	,	PUNCTclause
une	un	DET
robe	robe	NOUN
portée	porter	VERB
plutôt	plutôt	ADV
que	que	SCONJ
telle	tel	DET
autre	autre	PRON
,	,	PUNCTclause
une	un	DET
romance	romance	NOUN
chantée	chanter	VERB
dans	dans	ADP
un	un	DET
concert	concert	NOUN
,	,	PUNCTclause
ou	ou	CCONJ
des	un	DET
notes	note	NOUN
particulières	particulier	ADJ
touchées	toucher	VERB
au	au	ADP_DET
piano	piano	NOUN
;	;	PUNCTclause
un	un	DET
regard	regard	NOUN
fixé	fixer	VERB
sur	sur	ADP
un	un	DET
point	point	NOUN
convenu	convenu	ADJ
,	,	PUNCTclause
tout	tout	PRON
,	,	PUNCTclause
depuis	depuis	ADP
l'	le	DET
orgue	orgue	NOUN
de	de	ADP
Barbarie	Barbarie	PROPN
qui	qui	PRON
passe	passer	VERB
sous	sous	ADP
vos	vos	DET
fenêtres	fenêtre	NOUN
et	et	CCONJ
qui	qui	PRON
se	se	PRON
en	en	ADP
va	aller	VERB
si	si	SCONJ
l'on	on	PRON
ouvre	ouvrir	VERB
une	un	DET
persienne	persienne	NOUN
,	,	PUNCTclause
jusque	jusque	ADP
à	à	ADP
l'	le	DET
annonce	annonce	NOUN
de	de	ADP
un	un	DET
cheval	cheval	NOUN
à	à	ADP
vendre	vendre	VERB
insérée	insérer	VERB
dans	dans	ADP
le	le	DET
journal	journal	NOUN
,	,	PUNCTclause
et	et	CCONJ
même	même	ADV
jusque	jusque	ADP
à	à	ADP
vous	vous	PRON
,	,	PUNCTclause
tout	tout	PRON
sera	être	AUX
correspondance	correspondance	NOUN
.	.	PUNCTsent
↵↵	↵↵	PUNCTstruct
en effet	en effet	ADV
,	,	PUNCTclause
combien	combien	ADV
de	de	ADP
fois	fois	NOUN
une	un	DET
femme	femme	NOUN
ne	ne	ADV
aura	avoir	VERB
elle	elle	PRON
pas	pas	ADV
prié	prier	VERB
malicieusement	malicieusement	ADV
son	son	DET
mari	mari	NOUN
de	de	ADP
lui	lui	PRON
faire	faire	VERB
telle	tel	DET
commission	commission	NOUN
,	,	PUNCTclause
de	de	ADP
aller	aller	VERB
à	à	ADP
tel	tel	DET
magasin	magasin	NOUN
,	,	PUNCTclause
dans	dans	ADP
telle	tel	DET
maison	maison	NOUN
,	,	PUNCTclause
en	en	PRON
ayant	avoir	AUX
prévenu	prévenir	VERB
son	son	DET
amant	amant	NOUN
que	que	SCONJ
votre	votre	DET
présence	présence	NOUN
à	à	ADP
tel	tel	DET
endroit	endroit	NOUN
est	être	AUX
un	un	DET
oui	oui	INTJ
ou	ou	CCONJ
un	un	DET
non	non	NOUN
.	.	PUNCTsent
↵↵	↵↵	PUNCTstruct
Ici	ici	ADV
le	le	DET
professeur	professeur	NOUN
avoue	avouer	VERB
à	à	ADP
sa	son	DET
honte	honte	NOUN
que	que	SCONJ
il	il	PRON
ne	ne	ADV
existe	exister	VERB
aucun	aucun	DET
moyen	moyen	NOUN
de	de	ADP
empêcher	empêcher	VERB
deux	deux	NUM
amants	amant	NOUN
de	de	ADP
correspondre	correspondre	VERB
.	.	PUNCTsent
Mais	mais	CCONJ
le	le	DET
machiavélisme	machiavélisme	NOUN
marital	marital	ADJ
se	se	PRON
relève	relever	VERB
plus	plus	ADV
fort	fort	ADV
de	de	ADP
cette	ce	DET
impuissance	impuissance	NOUN
que	que	SCONJ
il	il	PRON
ne	ne	ADV
l'	le:PRON	PRON
a	avoir	AUX
jamais	jamais	ADV
été	être	AUX
de	de	ADP
aucun	aucun	DET
moyen	moyen	NOUN
coercitif	coercitif	ADJ
.	.	PUNCTsent
↵↵	↵↵	PUNCTstruct
Une	un	DET
convention	convention	NOUN
qui	qui	PRON
doit	devoir	VERB
rester	rester	VERB
sacrée	sacrer	VERB
entre	entre	ADP
les	le	DET
époux	époux	NOUN
est	être	AUX
celle	celle	PRON
par	par	ADP
laquelle	laquelle	PRON
ils	ils	PRON
se	se	PRON
jurent	jurer	VERB
l'un	l'un	PRON
à	à	ADP
l'autre	l'autre	PRON
de	de	ADP
respecter	respecter	VERB
le	le	DET
cachet	cachet	NOUN
de	de	ADP
leurs	leur	DET
lettres	lettre	NOUN
respectives	respectif	ADJ
.	.	PUNCTsent
Celui	celui	PRON
est	être	AUX
un	un	DET
mari	mari	NOUN
habile	habile	ADJ
qui	qui	PRON
consacre	consacrer	VERB
ce	ce	DET
principe	principe	NOUN
en	en	ADP
entrant	entrer	VERB
en	en	ADP
ménage	ménage	NOUN
,	,	PUNCTclause
et	et	CCONJ
qui	qui	PRON
sait	savoir	VERB
y	y	PRON
obéir	obéir	VERB
consciencieusement	consciencieusement	ADV
.	.	PUNCTsent
↵↵	↵↵	PUNCTstruct
En	en	ADP
laissant	laisser	VERB
à	à	ADP
une	un	DET
femme	femme	NOUN
une	un	PRON
liberté	liberté	NOUN
illimitée	illimité	ADJ
de	de	ADP
écrire	écrire	VERB
et	et	CCONJ
de	de	ADP
recevoir	recevoir	VERB
des	un	DET
lettres	lettre	NOUN
,	,	PUNCTclause
vous	vous	PRON
vous	vous	PRON
ménagez	ménager	VERB
le	le	DET
moyen	moyen	NOUN
de	de	ADP
apprendre	apprendre	VERB
le	le	DET
moment	moment	NOUN
où	où	PRON
elle	elle	PRON
correspondra	correspondre	VERB
avec	avec	ADP
son	son	DET
amant	amant	NOUN
.	.	PUNCTsent
↵↵	↵↵	PUNCTstruct
Mais	mais	CCONJ
en	en	ADP
supposant	supposer	VERB
que	que	SCONJ
votre	votre	DET
femme	femme	NOUN
se	se	PRON
défiât	défier	VERB
de	de	ADP
vous	vous	PRON
,	,	PUNCTclause
et	et	CCONJ
que	que	SCONJ
elle	elle	PRON
couvrît	couvrir	VERB
des	un	DET
ombres	ombre	NOUN
les	le	DET
plus	plus	ADV
impénétrables	impénétrable	ADJ
les	le	DET
ressorts	ressort	NOUN
employés	employer	VERB
à	à	ADP
vous	vous	PRON
dérober	dérober	VERB
sa	son	DET
correspondance	correspondance	NOUN
,	,	PUNCTclause
n'est-ce pas	n'est-ce pas	ADV
ici	ici	ADV
le	le	DET
lieu	lieu	NOUN
de	de	ADP
déployer	déployer	VERB
cette	ce	DET
puissance	puissance	NOUN
intellectuelle	intellectuel	ADJ
dont	dont	PRON
nous	nous	PRON
vous	vous	PRON
avons	avoir	AUX
armés	armer	VERB
dans	dans	ADP
la	le	DET
Méditation	Méditation	NOUN
de	de	ADP
la	le	DET
Douane	Douane	NOUN
?	?	PUNCTsent
l'	le	DET
homme	homme	NOUN
qui	qui	PRON
ne	ne	ADV
voit	voir	VERB
pas	pas	ADV
quand	quand	SCONJ
sa	son	DET
femme	femme	NOUN
a	avoir	AUX
écrit	écrire	VERB
à	à	ADP
son	son	DET
amant	amant	NOUN
ou	ou	CCONJ
quand	quand	SCONJ
elle	elle	PRON
en	en	PRON
a	avoir	AUX
reçu	recevoir	VERB
une	un	DET
réponse	réponse	NOUN
est	être	AUX
un	un	DET
mari	mari	NOUN
incomplet	incomplet	ADJ
.	.	PUNCTsent
↵↵	↵↵	PUNCTstruct
l'	le	DET
étude	étude	NOUN
profonde	profond	ADJ
que	que	SCONJ
vous	vous	PRON
devez	devoir	VERB
faire	faire	VERB
des	un	DET
mouvements	mouvement	NOUN
,	,	PUNCTclause
des	un	DET
actions	action	NOUN
,	,	PUNCTclause
des	un	DET
gestes	geste	NOUN
,	,	PUNCTclause
des	un	DET
regards	regard	NOUN
de	de	ADP
votre	votre	DET
femme	femme	NOUN
,	,	PUNCTclause
sera	être	AUX
peut-être	peut-être	ADV
pénible	pénible	ADJ
et	et	CCONJ
fatigante	fatigant	ADJ
,	,	PUNCTclause
mais	mais	CCONJ
elle	elle	PRON
durera	durer	VERB
peu	peu	ADV
;	;	PUNCTclause
car	car	CCONJ
il	il	PRON
ne	ne	ADV
se	se	PRON
agit	agir	VERB
que	que	ADV
de	de	ADP
découvrir	découvrir	VERB
quand	quand	SCONJ
votre	votre	DET
femme	femme	NOUN
et	et	CCONJ
son	son	DET
amant	amant	NOUN
correspondent	correspondre	VERB
et	et	CCONJ
de	de	ADP
quelle	quel	DET
manière	manière	NOUN
.	.	PUNCTsent
↵↵	↵↵	PUNCTstruct
Nous	nous	PRON
ne	ne	ADV
pouvons	pouvoir	VERB
pas	pas	ADV
croire	croire	VERB
que	que	SCONJ
un	un	DET
mari	mari	NOUN
,	,	PUNCTclause
fût	fût	NOUN
il	il	PRON
de	de	ADP
une	un	DET
médiocre	médiocre	NOUN
intelligence	intelligence	NOUN
,	,	PUNCTclause
ne	ne	ADV
sache	savoir	VERB
pas	pas	ADV
deviner	deviner	VERB
cette	ce	DET
manœuvre	manœuvre	NOUN
féminine	féminin	ADJ
quand	quand	SCONJ
il	il	PRON
soupçonne	soupçonner	VERB
que	que	SCONJ
elle	elle	PRON
a	avoir	VERB
lieu	lieu	NOUN
.	.	PUNCTsent
↵↵	↵↵	PUNCTstruct
Maintenant	maintenant	ADV
jugez	juger	VERB
,	,	PUNCTclause
par	par	ADP
une	un	DET
seule	seul	ADJ
aventure	aventure	NOUN
,	,	PUNCTclause
de	de	ADP
tous	tout	ADJ
les	le	DET
moyens	moyen	NOUN
de	de	ADP
police	police	NOUN
et	et	CCONJ
de	de	ADP
répression	répression	NOUN
que	que	SCONJ
vous	vous	PRON
offre	offrir	VERB
la	le	DET
correspondance	correspondance	NOUN
.	.	PUNCTsent
↵↵	↵↵	PUNCTstruct
Un	un	DET
jeune	jeune	ADJ
avocat	avocat	NOUN
auquel	auquel	ADP_PRON
une	un	DET
passion	passion	NOUN
frénétique	frénétique	ADJ
révéla	révéler	VERB
quelques-uns	quelques-uns	PRON
des	un	ADP_DET
principes	principe	NOUN
consacrés	consacrer	VERB
dans	dans	ADP
cette	ce	DET
importante	important	ADJ
partie	partie	NOUN
de	de	ADP
notre	notre	DET
ouvrage	ouvrage	NOUN
,	,	PUNCTclause
avait	avoir	AUX
épousé	épouser	VERB
une	un	DET
jeune	jeune	ADJ
personne	personne	NOUN
de	de	ADP
laquelle	laquelle	PRON
il	il	PRON
était	être	AUX
faiblement	faiblement	ADV
aimé	aimer	VERB
(	(	PUNCTclause
ce	ce	PRON
que	que	PRON
il	il	PRON
considéra	considérer	VERB
comme	comme	ADP
un	un	DET
très-grand	très-grand	NOUN
bonheur	bonheur	NOUN
)	)	PUNCTclause
;	;	PUNCTclause
et	et	CCONJ
,	,	PUNCTclause
au bout de	au bout de	ADP
une	un	DET
année	année	NOUN
de	de	ADP
mariage	mariage	NOUN
,	,	PUNCTclause
il	il	PRON
se	se	PRON
aperçut	apercevoir	VERB
que	que	SCONJ
sa	son	DET
chère	chère	NOUN
Anna	Anna	PROPN
(	(	PUNCTclause
elle	elle	PRON
se	se	PRON
appelait	appeler	VERB
Anna	Anna	PROPN
)	)	PUNCTclause
aimait	aimer	VERB
le	le	DET
premier	premier	ADJ
commis	commis	NOUN
de	de	ADP
un	un	DET
agent de change	agent de change	NOUN
.	.	PUNCTsent
↵↵	↵↵	PUNCTstruct
Adolphe	Adolphe	PROPN
était	être	AUX
un	un	DET
jeune	jeune	ADJ
homme	homme	NOUN
de	de	ADP
vingt-cinq	vingt-cinq	NUM
ans	an	NOUN
environ	environ	ADV
,	,	PUNCTclause
de	de	ADP
une	un	DET
jolie	joli	ADJ
figure	figure	NOUN
,	,	PUNCTclause
aimant	aimer	VERB
à	à	ADP
se	se	PRON
amuser	amuser	VERB
comme	comme	ADP
tous	tout	ADJ
les	le	DET
célibataires	célibataire	NOUN
possibles	possible	ADJ
.	.	PUNCTsent
Il	il	PRON
était	être	AUX
économe	économe	ADJ
,	,	PUNCTclause
propre	propre	ADJ
,	,	PUNCTclause
avait	avoir	AUX
un	un	DET
cœur	cœur	NOUN
excellent	excellent	ADJ
,	,	PUNCTclause
montait	monter	VERB
bien	bien	ADV
à	à	ADP
cheval	cheval	NOUN
,	,	PUNCTclause
parlait	parler	VERB
spirituellement	spirituellement	ADV
,	,	PUNCTclause
tenait	tenir	VERB
de	de	ADP
fort	fort	ADV
beaux	beau	ADJ
cheveux	cheveu	NOUN
noirs	noir	ADJ
toujours	toujours	ADV
frisés	frisé	ADJ
,	,	PUNCTclause
et	et	CCONJ
sa	son	DET
mise	mise	NOUN
ne	ne	ADV
manquait	manquer	VERB
pas	pas	ADV
de	de	ADP
élégance	élégance	NOUN
.	.	PUNCTsent
Bref	bref	ADJ
,	,	PUNCTclause
il	il	PRON
aurait	avoir	AUX
fait	faire	VERB
honneur	honneur	NOUN
et	et	CCONJ
profit	profit	NOUN
à	à	ADP
une	un	DET
duchesse	duchesse	NOUN
.	.	PUNCTsent
l'	le	DET
avocat	avocat	NOUN
était	être	AUX
laid	laid	ADJ
,	,	PUNCTclause
petit	petit	ADJ
,	,	PUNCTclause
trapu	trapu	ADJ
,	,	PUNCTclause
carré	carré	ADJ
,	,	PUNCTclause
chafouin	chafouin	NOUN
et	et	CCONJ
mari	mari	NOUN
.	.	PUNCTsent
Anna	Anna	PROPN
,	,	PUNCTclause
belle	beau	ADJ
et	et	CCONJ
grande	grand	ADJ
,	,	PUNCTclause
avait	avoir	VERB
des	un	DET
yeux	œil	NOUN
fendus	fendre	VERB
en	en	ADP
amande	amande	NOUN
,	,	PUNCTclause
le	le	DET
teint	teint	NOUN
blanc	blanc	ADJ
,	,	PUNCTclause
et	et	CCONJ
les	le	DET
traits	trait	NOUN
délicats	délicat	ADJ
.	.	PUNCTsent
Elle	elle	PRON
était	être	AUX
tout	tout	ADJ
amour	amour	NOUN
,	,	PUNCTclause
et	et	CCONJ
la	le	DET
passion	passion	NOUN
animait	animer	VERB
son	son	DET
regard	regard	NOUN
de	de	ADP
une	un	DET
expression	expression	NOUN
magique	magique	ADJ
.	.	PUNCTsent
Elle	elle	PRON
appartenait	appartenir	VERB
à	à	ADP
une	un	DET
famille	famille	NOUN
pauvre	pauvre	ADJ
,	,	PUNCTclause
maître	maître	NOUN
Lebrun	Lebrun	PROPN
avait	avoir	VERB
douze	douze	NUM
mille	mille	NUM
livres de rente	livres de rente	NOUN
.	.	PUNCTsent
Tout	tout	PRON
est	être	AUX
expliqué	expliquer	VERB
.	.	PUNCTsent
Un	un	DET
soir	soir	NOUN
,	,	PUNCTclause
Lebrun	Lebrun	PROPN
rentre	rentrer	VERB
chez	chez	ADP
lui	lui	PRON
de	de	ADP
un	un	DET
air	air	NOUN
visiblement	visiblement	ADV
abattu	abattre	VERB
.	.	PUNCTsent
Il	il	PRON
passe	passer	VERB
dans	dans	ADP
son	son	DET
cabinet	cabinet	NOUN
pour	pour	ADP
y	y	PRON
travailler	travailler	VERB
;	;	PUNCTclause
mais	mais	CCONJ
il	il	PRON
revient	revenir	VERB
aussitôt	aussitôt	ADV
chez	chez	ADP
sa	son	DET
femme	femme	NOUN
en	en	ADP
grelottant	grelotter	VERB
;	;	PUNCTclause
car	car	CCONJ
il	il	PRON
a	avoir	AUX
la	le	DET
fièvre	fièvre	NOUN
,	,	PUNCTclause
et	et	CCONJ
ne	ne	ADV
tarde	tarder	VERB
pas	pas	ADV
à	à	ADP
se	se	PRON
mettre	mettre	VERB
au	au	ADP_DET
lit	lit	NOUN
.	.	PUNCTsent
Il	il	PRON
gémit	gémir	VERB
,	,	PUNCTclause
déplore	déplorer	VERB
ses	son	DET
clients	client	NOUN
,	,	PUNCTclause
et	et	CCONJ
surtout	surtout	ADV
une	un	DET
pauvre	pauvre	NOUN
veuve	veuf	ADJ
dont	dont	PRON
il	il	PRON
devait	devoir	VERB
,	,	PUNCTclause
le	le	DET
lendemain	lendemain	NOUN
même	même	ADJ
,	,	PUNCTclause
sauver	sauver	VERB
la	le	DET
fortune	fortune	NOUN
par	par	ADP
une	un	DET
transaction	transaction	NOUN
.	.	PUNCTsent
Le	le	DET
rendez-vous	rendez-vous	NOUN
était	être	AUX
pris	prendre	VERB
avec	avec	ADP
les	le	DET
gens	gens	NOUN
de	de	ADP
affaires	affaire	NOUN
,	,	PUNCTclause
et	et	CCONJ
il	il	PRON
se	se	PRON
sentait	sentir	VERB
hors de	hors de	ADP
état	état	NOUN
de	de	ADP
y	y	PRON
aller	aller	VERB
.	.	PUNCTsent
Après	après	ADP
avoir	avoir	AUX
sommeillé	sommeiller	VERB
un	un	DET
quart d'heure	quart d'heure	NOUN
,	,	PUNCTclause
il	il	PRON
se	se	PRON
réveille	réveiller	VERB
,	,	PUNCTclause
et	et	CCONJ
,	,	PUNCTclause
de	de	ADP
une	un	DET
voix	voix	NOUN
faible	faible	ADJ
,	,	PUNCTclause
prie	prier	VERB
sa	son	DET
femme	femme	NOUN
de	de	ADP
écrire	écrire	VERB
à	à	ADP
l'un	l'un	PRON
de	de	ADP
ses	son	DET
amis	ami	NOUN
intimes	intime	ADJ
de	de	ADP
le	le:PRON	PRON
remplacer	remplacer	VERB
dans	dans	ADP
la	le	DET
conférence	conférence	NOUN
qui	qui	PRON
a	avoir	VERB
lieu	lieu	NOUN
le	le	DET
lendemain	lendemain	NOUN
.	.	PUNCTsent
Il	il	PRON
dicte	dicter	VERB
une	un	DET
longue	long	ADJ
lettre	lettre	NOUN
,	,	PUNCTclause
et	et	CCONJ
suit	suivre	VERB
du	du	ADP_DET
regard	regard	NOUN
l'	le	DET
espace	espace	NOUN
que	que	PRON
prennent	prendre	VERB
ses	son	DET
phrases	phrase	NOUN
sur	sur	ADP
le	le	DET
papier	papier	NOUN
.	.	PUNCTsent
Quand	quand	SCONJ
il	il	PRON
fallut	falloir	VERB
commencer	commencer	VERB
le	le	DET
recto	recto	NOUN
du	du	ADP_DET
second	second	ADJ
feuillet	feuillet	NOUN
,	,	PUNCTclause
l'	le	DET
avocat	avocat	NOUN
était	être	AUX
en train de	en train de	ADV
peindre	peindre	VERB
à	à	ADP
son	son	DET
confrère	confrère	NOUN
la	le	DET
joie	joie	NOUN
que	que	PRON
sa	son	DET
cliente	client	NOUN
aurait	avoir	AUX
si	si	SCONJ
la	le	DET
transaction	transaction	NOUN
était	être	AUX
signée	signer	VERB
,	,	PUNCTclause
et	et	CCONJ
le	le	DET
fatal	fatal	ADJ
recto	recto	NOUN
commençait	commencer	VERB
par	par	ADP
ces	ce	DET
mots	mot	NOUN
:	:	PUNCTclause
↵↵	↵↵	PUNCTstruct
Mon	mon	DET
bon	bon	ADJ
ami	ami	NOUN
,	,	PUNCTclause
allez	aller	VERB
,	,	PUNCTclause
ha	ha	INTJ
!	!	PUNCTsent
allez	aller	VERB
aussitôt	aussitôt	ADV
chez	chez	ADP
madame	madame	NOUN
de	de	ADP
Vernon	Vernon	PROPN
;	;	PUNCTclause
vous	vous	PRON
y	y	PRON
serez	être	AUX
attendu	attendre	VERB
bien	bien	ADV
impatiemment	impatiemment	ADV
.	.	PUNCTsent
Elle	elle	PRON
demeure	demeurer	VERB
rue	rue	NOUN
du	du	ADP_DET
Sentier	Sentier	PROPN
,	,	PUNCTclause
n.	n.	DET
7	7	NUM
.	.	PUNCTsent
Pardonnez	pardonner	VERB
moi	moi	PRON
de	de	ADP
vous	vous	PRON
en	en	PRON
dire	dire	VERB
si	si	SCONJ
peu	peu	ADV
,	,	PUNCTclause
mais	mais	CCONJ
je	je	PRON
compte	compter	VERB
sur	sur	ADP
votre	votre	DET
admirable	admirable	ADJ
sens	sens	NOUN
pour	pour	ADP
deviner	deviner	VERB
ce	ce	DET
que	que	SCONJ
je	je	PRON
ne	ne	ADV
puis	puis	CCONJ
expliquer	expliquer	VERB
.	.	PUNCTsent
↵↵	↵↵	PUNCTstruct
Tout	tout	ADV
à	à	ADP
vous	vous	PRON
.	.	PUNCTsent
↵↵	↵↵	PUNCTstruct
—	—	PUNCTclause
Donnez	donner	VERB
moi	moi	PRON
la	le	DET
lettre	lettre	NOUN
,	,	PUNCTclause
dit	dire	VERB
l'	le	DET
avocat	avocat	NOUN
,	,	PUNCTclause
pour que	pour que	SCONJ
je	je	PRON
voie	voir	VERB
si	si	SCONJ
il	il	PRON
ne	ne	ADV
y	y	PRON
a	avoir	VERB
pas	pas	ADV
de	de	DET
faute	faute	NOUN
avant de	avant de	ADP
la	le	DET
signer	signer	VERB
.	.	PUNCTsent
l'	le	DET
infortunée	infortuné	ADJ
,	,	PUNCTclause
dont	dont	PRON
la	le	DET
prudence	prudence	NOUN
avait	avoir	AUX
été	être	AUX
endormie	endormi	ADJ
par	par	ADP
la	le	DET
nature	nature	NOUN
de	de	ADP
cette	ce	DET
épître	épître	NOUN
hérissée	hérisser	VERB
presque	presque	ADV
tout	tout	ADV
entière	entier	ADJ
des	un	ADP_DET
termes	terme	NOUN
les	le	DET
plus	plus	ADV
barbares	barbare	ADJ
de	de	ADP
la	le	DET
langue	langue	NOUN
judiciaire	judiciaire	ADJ
,	,	PUNCTclause
livre	livrer	VERB
la	le	DET
lettre	lettre	NOUN
.	.	PUNCTsent
Aussitôt	aussitôt	ADV
que	que	SCONJ
Lebrun	Lebrun	PROPN
possède	posséder	VERB
le	le	DET
fallacieux	fallacieux	ADJ
écrit	écrit	NOUN
,	,	PUNCTclause
il	il	PRON
se	se	PRON
plaint	plaindre	VERB
,	,	PUNCTclause
se	se	PRON
tortille	tortiller	VERB
,	,	PUNCTclause
et	et	CCONJ
réclame	réclamer	VERB
je	je	PRON
ne	ne	ADV
sais	savoir	VERB
quel	quel	DET
bon	bon	ADJ
office	office	NOUN
de	de	ADP
sa	son	DET
femme	femme	NOUN
.	.	PUNCTsent
Madame	madame	NOUN
se	se	PRON
absente	absenter	VERB
deux	deux	NUM
minutes	minute	NOUN
,	,	PUNCTclause
pendant	pendant	ADP
lesquelles	lesquelles	PRON
l'	le	DET
avocat	avocat	NOUN
saute	sauter	VERB
hors	hors	ADV
du	du	ADP_DET
lit	lit	NOUN
,	,	PUNCTclause
ploie	ployer	VERB
un	un	DET
papier	papier	NOUN
en forme de	en forme de	ADP
lettre	lettre	NOUN
,	,	PUNCTclause
et	et	CCONJ
cache	cacher	VERB
la	le	DET
missive	missive	NOUN
écrite	écrire	VERB
par	par	ADP
sa	son	DET
femme	femme	NOUN
.	.	PUNCTsent
Quand	quand	SCONJ
Anna	Anna	PROPN
revient	revenir	VERB
,	,	PUNCTclause
l'	le	DET
habile	habile	ADJ
mari	mari	NOUN
cachète	cacheter	ADJ
le	le	DET
papier	papier	NOUN
blanc	blanc	ADJ
,	,	PUNCTclause
le	le	DET
fait	fait	NOUN
adresser	adresser	VERB
,	,	PUNCTclause
par	par	ADP
elle	elle	PRON
,	,	PUNCTclause
à	à	ADP
celui	celui	PRON
de	de	ADP
ses	son	DET
amis	ami	NOUN
auquel	auquel	ADP_PRON
la	le	DET
lettre	lettre	NOUN
soustraite	soustraire	VERB
semblait	sembler	VERB
destinée	destiner	VERB
,	,	PUNCTclause
et	et	CCONJ
la	le	DET
pauvre	pauvre	NOUN
créature	créature	NOUN
remet	remettre	VERB
le	le	DET
candide	candide	ADJ
message	message	NOUN
à	à	ADP
un	un	DET
domestique	domestique	NOUN
.	.	PUNCTsent
Lebrun	Lebrun	PROPN
paraît	paraître	VERB
se	se	PRON
calmer	calmer	VERB
insensiblement	insensiblement	ADV
;	;	PUNCTclause
il	il	PRON
se	se	PRON
endort	endormir	VERB
,	,	PUNCTclause
ou	ou	CCONJ
fait	faire	VERB
semblant	sembler	VERB
,	,	PUNCTclause
et	et	CCONJ
le	le	DET
lendemain	lendemain	NOUN
matin	matin	NOUN
il	il	PRON
affecte	affecter	VERB
encore	encore	ADV
de	de	ADP
avoir	avoir	VERB
de	de	ADP
vagues	vague	NOUN
douleurs	douleur	NOUN
.	.	PUNCTsent
Deux	Deux	NUM
jours	jour	NOUN
après	après	ADV
,	,	PUNCTclause
il	il	PRON
enlève	enlever	VERB
le	le	DET
premier	premier	ADJ
feuillet	feuillet	NOUN
de	de	ADP
la	le	DET
lettre	lettre	NOUN
,	,	PUNCTclause
met	mettre	VERB
un	un	DET
e	e	NOUN
au	au	ADP_DET
mot	mot	NOUN
tout	tout	ADJ
,	,	PUNCTclause
dans	dans	ADP
cette	ce	DET
phrase	phrase	NOUN
,	,	PUNCTclause
tout	tout	ADV
à	à	ADP
vous	vous	PRON
;	;	PUNCTclause
il	il	PRON
plie	plier	VERB
mystérieusement	mystérieusement	ADV
le	le	DET
papier	papier	NOUN
innocemment	innocemment	ADV
faussaire	faussaire	NOUN
,	,	PUNCTclause
le	le	DET
cachète	cacheter	NOUN
,	,	PUNCTclause
sort	sortir	VERB
de	de	ADP
la	le	DET
chambre	chambre	NOUN
conjugale	conjugal	ADJ
,	,	PUNCTclause
appelle	appeler	VERB
la	le	DET
soubrette	soubrette	NOUN
et	et	CCONJ
lui	lui	PRON
dit	dire	VERB
:	:	PUNCTclause
—	—	PUNCTclause
Madame	Madame	NOUN
vous	vous	PRON
prie	prier	VERB
de	de	ADP
porter	porter	VERB
cela	cela	PRON
chez	chez	ADP
monsieur	monsieur	NOUN
Adolphe	Adolphe	PROPN
;	;	PUNCTclause
courez	courir	VERB
…	…	PUNCTsent
Il	il	PRON
voit	voir	VERB
partir	partir	VERB
la	le	DET
femme de chambre	femme de chambre	NOUN
;	;	PUNCTclause
et	et	CCONJ
aussitôt	aussitôt	ADV
après	après	ADP
il	il	PRON
prétexte	prétexter	VERB
une	un	DET
affaire	affaire	NOUN
,	,	PUNCTclause
et	et	CCONJ
se	se	PRON
en	en	ADP
va	aller	VERB
rue	rue	NOUN
du	du	ADP_DET
Sentier	Sentier	PROPN
,	,	PUNCTclause
à	à	ADP
l'	le	DET
adresse	adresse	NOUN
indiquée	indiquer	VERB
.	.	PUNCTsent
Il	il	PRON
attend	attendre	VERB
paisiblement	paisiblement	ADV
son	son	DET
rival	rival	NOUN
chez	chez	ADP
l'	le	DET
ami	ami	NOUN
qui	qui	PRON
se	se	PRON
était	être	AUX
prêté	prêter	VERB
à	à	ADP
son	son	DET
dessein	dessein	NOUN
.	.	PUNCTsent
l'	le	DET
amant	amant	NOUN
,	,	PUNCTclause
ivre	ivre	ADJ
de	de	ADP
bonheur	bonheur	NOUN
,	,	PUNCTclause
accourt	accourir	VERB
,	,	PUNCTclause
demande	demander	VERB
madame	madame	NOUN
de	de	ADP
Vernon	Vernon	PROPN
;	;	PUNCTclause
il	il	PRON
est	être	AUX
introduit	introduire	VERB
,	,	PUNCTclause
et	et	CCONJ
se	se	PRON
trouve	trouver	VERB
face à face	face à face	NOUN
avec	avec	ADP
maître	maître	NOUN
Lebrun	Lebrun	PROPN
qui	qui	PRON
lui	lui	PRON
montre	montrer	VERB
un	un	DET
visage	visage	NOUN
pâle	pâle	ADJ
,	,	PUNCTclause
mais	mais	CCONJ
froid	froid	ADJ
,	,	PUNCTclause
des	un	DET
yeux	œil	NOUN
tranquilles	tranquille	ADJ
,	,	PUNCTclause
mais	mais	CCONJ
implacables	implacable	ADJ
.	.	PUNCTsent
—	—	PUNCTclause
Monsieur	monsieur	NOUN
,	,	PUNCTclause
dit	dire	VERB
il	il	PRON
de	de	ADP
une	un	DET
voix	voix	NOUN
émue	émouvoir	VERB
au	au	ADP_DET
jeune	jeune	ADJ
commis	commis	NOUN
dont	dont	PRON
le	le	DET
cœur	cœur	NOUN
palpita	palpiter	VERB
de	de	ADP
terreur	terreur	NOUN
,	,	PUNCTclause
vous	vous	PRON
aimez	aimer	VERB
ma	mon	DET
femme	femme	NOUN
,	,	PUNCTclause
vous	vous	PRON
essayez	essayer	VERB
de	de	ADP
lui	lui	PRON
plaire	plaire	VERB
;	;	PUNCTclause
je	je	PRON
ne	ne	ADV
saurais	savoir	VERB
vous	vous	PRON
en	en	PRON
vouloir	vouloir	VERB
,	,	PUNCTclause
puisque	puisque	SCONJ
à	à	ADP
votre	votre	DET
place	place	NOUN
et	et	CCONJ
à	à	ADP
votre	votre	DET
âge	âge	NOUN
je	je	PRON
en	en	PRON
eusse	avoir	VERB
fait	faire	VERB
tout	tout	ADV
autant	autant	ADV
.	.	PUNCTsent
Mais	mais	CCONJ
Anna	Anna	PROPN
est	être	AUX
au	au	ADP_DET
désespoir	désespoir	NOUN
;	;	PUNCTclause
vous	vous	PRON
avez	avoir	AUX
troublé	troubler	VERB
sa	son	DET
félicité	félicité	NOUN
,	,	PUNCTclause
l'	le	DET
enfer	enfer	NOUN
est	être	AUX
dans	dans	ADP
son	son	DET
cœur	cœur	NOUN
.	.	PUNCTsent
Aussi	aussi	ADV
me	me	PRON
a	avoir	AUX
elle	elle	PRON
tout	tout	PRON
confié	confier	VERB
.	.	PUNCTsent
Une	un	DET
querelle	querelle	NOUN
facilement	facilement	ADV
apaisée	apaiser	VERB
l'	le	DET
avait	avoir	AUX
poussée	pousser	VERB
à	à	ADP
vous	vous	PRON
écrire	écrire	VERB
le	le	DET
billet	billet	NOUN
que	que	SCONJ
vous	vous	PRON
avez	avoir	AUX
reçu	recevoir	VERB
,	,	PUNCTclause
elle	elle	PRON
me	me	PRON
a	avoir	AUX
envoyé	envoyer	VERB
ici	ici	ADV
à	à	ADP
sa	son	DET
place	place	NOUN
.	.	PUNCTsent
Je	je	PRON
ne	ne	ADV
vous	vous	PRON
dirai	dire	VERB
pas	pas	ADV
,	,	PUNCTclause
monsieur	monsieur	NOUN
,	,	PUNCTclause
que	que	SCONJ
en	en	ADP
persistant	persister	VERB
dans	dans	ADP
vos	vos	DET
projets	projet	NOUN
de	de	ADP
séduction	séduction	NOUN
vous	vous	PRON
feriez	faire	VERB
le	le	DET
malheur	malheur	NOUN
de	de	ADP
celle	celle	PRON
que	que	SCONJ
vous	vous	PRON
aimez	aimer	VERB
,	,	PUNCTclause
que	que	SCONJ
vous	vous	PRON
la	le	DET
priveriez	priver	VERB
de	de	ADP
mon	mon	DET
estime	estime	NOUN
,	,	PUNCTclause
et	et	CCONJ
un	un	DET
jour	jour	NOUN
de	de	ADP
la	le	DET
vôtre	vôtre	PRON
;	;	PUNCTclause
que	que	SCONJ
vous	vous	PRON
signeriez	signer	VERB
votre	votre	DET
crime	crime	NOUN
jusque	jusque	ADP
dans	dans	ADP
l'	le	DET
avenir	avenir	NOUN
en	en	ADP
préparant	préparer	VERB
peut-être	peut-être	ADV
des	un	DET
chagrins	chagrin	NOUN
à	à	ADP
mes	mon	DET
enfants	enfant	NOUN
;	;	PUNCTclause
je	je	PRON
ne	ne	ADV
vous	vous	PRON
parle	parler	VERB
même	même	ADV
pas	pas	ADV
de	de	ADP
l'	le	DET
amertume	amertume	NOUN
que	que	SCONJ
vous	vous	PRON
jetteriez	jeter	VERB
dans	dans	ADP
ma	mon	DET
vie	vie	NOUN
;	;	PUNCTclause
—	—	PUNCTclause
malheureusement	malheureusement	ADV
,	,	PUNCTclause
ce	ce	PRON
est	être	AUX
des	un	ADP_DET
chansons	chanson	NOUN
!…	!…	PUNCTsent
Mais	mais	CCONJ
je	je	PRON
vous	vous	PRON
déclare	déclarer	VERB
,	,	PUNCTclause
monsieur	monsieur	NOUN
,	,	PUNCTclause
que	que	SCONJ
la	le	DET
moindre	moindre	ADJ
démarche	démarche	NOUN
de	de	ADP
votre	votre	DET
part	part	NOUN
serait	être	AUX
le	le	DET
signal	signal	NOUN
de	de	ADP
un	un	DET
crime	crime	NOUN
;	;	PUNCTclause
car	car	CCONJ
je	je	PRON
ne	ne	ADV
me	me	PRON
fierais	fier	VERB
pas	pas	ADV
à	à	ADP
un	un	DET
duel	duel	NOUN
pour	pour	ADP
vous	vous	PRON
percer	percer	VERB
le	le	DET
cœur	cœur	NOUN
!…	!…	PUNCTsent
Là	là	ADV
,	,	PUNCTclause
les	le	DET
yeux	œil	NOUN
de	de	ADP
l'	le	DET
avocat	avocat	NOUN
distillèrent	distiller	VERB
la	le	DET
mort	mort	NOUN
.	.	PUNCTsent
—	—	PUNCTclause
hé	hé	INTJ
!	!	PUNCTsent
monsieur	monsieur	NOUN
,	,	PUNCTclause
reprit	reprendre	VERB
il	il	PRON
de	de	ADP
une	un	DET
voix	voix	NOUN
plus	plus	ADV
douce	doux	ADJ
,	,	PUNCTclause
vous	vous	PRON
êtes	être	AUX
jeune	jeune	ADJ
,	,	PUNCTclause
vous	vous	PRON
avez	avoir	VERB
le	le	DET
cœur	cœur	NOUN
généreux	généreux	ADJ
;	;	PUNCTclause
faites	faire	VERB
un	un	DET
sacrifice	sacrifice	NOUN
au	au	ADP_DET
bonheur	bonheur	NOUN
à	à	ADP
venir de	venir de	VERB
celle	celle	PRON
que	que	SCONJ
vous	vous	PRON
aimez	aimer	VERB
?	?	PUNCTsent
abandonnez	abandonner	VERB
la	le	DET
,	,	PUNCTclause
ne	ne	ADV
la	le	DET
revoyez	revoir	VERB
jamais	jamais	ADV
.	.	PUNCTsent
Et	et	CCONJ
si	si	SCONJ
il	il	PRON
vous	vous	PRON
faut	falloir	VERB
absolument	absolument	ADV
quelqu'un	quelqu'un	PRON
de	de	ADP
la	le	DET
famille	famille	NOUN
,	,	PUNCTclause
je	je	PRON
ai	avoir	VERB
une	un	DET
jeune	jeune	ADJ
tante	tante	NOUN
que	que	SCONJ
personne	personne:PRON	PRON
ne	ne	ADV
a	avoir	AUX
pu	pouvoir	VERB
fixer	fixer	VERB
;	;	PUNCTclause
elle	elle	PRON
est	être	AUX
charmante	charmant	ADJ
,	,	PUNCTclause
pleine	plein	ADJ
de	de	ADP
esprit	esprit	NOUN
et	et	CCONJ
riche	riche	ADJ
,	,	PUNCTclause
entreprenez	entreprendre	VERB
sa	son	DET
conversion	conversion	NOUN
,	,	PUNCTclause
et	et	CCONJ
laissez	laisser	VERB
en	en	ADP
repos	repos	NOUN
une	un	DET
femme	femme	NOUN
vertueuse	vertueux	ADJ
.	.	PUNCTsent
Ce	ce	DET
mélange	mélange	NOUN
de	de	ADP
plaisanterie	plaisanterie	NOUN
et	et	CCONJ
de	de	ADP
terreur	terreur	NOUN
,	,	PUNCTclause
la	le	DET
fixité	fixité	NOUN
du	du	ADP_DET
regard	regard	NOUN
et	et	CCONJ
le	le	DET
son	son	NOUN
de	de	ADP
voix	voix	NOUN
profond	profond	ADJ
du	du	ADP_DET
mari	mari	NOUN
firent	faire	VERB
une	un	DET
incroyable	incroyable	ADJ
impression	impression	NOUN
sur	sur	ADP
l'	le	DET
amant	amant	NOUN
.	.	PUNCTsent
Il	il	PRON
resta	rester	VERB
deux	deux	NUM
minutes	minute	NOUN
interdit	interdit	ADJ
,	,	PUNCTclause
comme	comme	ADP
les	le	DET
gens	gens	NOUN
trop	trop	ADV
passionnés	passionné	ADJ
auxquels	auxquels	ADP_PRON
la	le	DET
violence	violence	NOUN
de	de	ADP
un	un	DET
choc	choc	NOUN
enlève	enlever	VERB
toute	tout	ADJ
présence	présence	NOUN
de	de	ADP
esprit	esprit	NOUN
.	.	PUNCTsent
Si	si	SCONJ
Anna	Anna	PROPN
eut	avoir	VERB
des	un	DET
amants	amant	NOUN
(	(	PUNCTclause
pure	pur	ADJ
hypothèse	hypothèse	NOUN
)	)	PUNCTclause
,	,	PUNCTclause
ce	ce	DET
ne	ne	ADV
fut	être	AUX
certes	certes	ADV
pas	pas	ADV
Adolphe	Adolphe	PROPN
.	.	PUNCTsent
↵↵	↵↵	PUNCTstruct
Ce	ce	PRON
fait	faire	AUX
peut	pouvoir	VERB
servir	servir	VERB
à	à	ADP
vous	vous	PRON
faire	faire	AUX
comprendre	comprendre	VERB
que	que	SCONJ
la	le	DET
correspondance	correspondance	NOUN
est	être	AUX
un	un	DET
poignard	poignard	NOUN
à	à	ADP
deux	deux	NUM
tranchants	tranchant	NOUN
qui	qui	PRON
profite	profiter	VERB
autant	autant	ADV
à	à	ADP
la	le	DET
défense	défense	NOUN
du	du	ADP_DET
mari	mari	NOUN
que	que	SCONJ
à	à	ADP
l'	le	DET
inconséquence	inconséquence	NOUN
de	de	ADP
la	le	DET
femme	femme	NOUN
.	.	PUNCTsent
Vous	vous	PRON
favoriserez	favoriser	VERB
donc	donc	ADV
la	le	DET
correspondance	correspondance	NOUN
,	,	PUNCTclause
par	par	ADP
la	le	DET
même	même	ADJ
raison	raison	NOUN
que	que	SCONJ
monsieur	monsieur	NOUN
le	le	DET
préfet	préfet	NOUN
de	de	ADP
police	police	NOUN
fait	faire	VERB
allumer	allumer	VERB
soigneusement	soigneusement	ADV
les	le	DET
réverbères	réverbère	NOUN
de	de	ADP
Paris	Paris	PROPN
.	.	PUNCTsent
↵↵↵	↵↵↵	PUNCTstruct
		TOKEN
—	—	PUNCTclause
Des	un	ADP_DET
espions	espion	NOUN
.	.	PUNCTsent
↵↵	↵↵	PUNCTstruct
se	se	PRON
abaisser	abaisser	VERB
jusque	jusque	ADP
à	à	ADP
mendier	mendier	VERB
des	un	DET
révélations	révélation	NOUN
auprès de	auprès de	ADP
ses	son	DET
gens	gens	NOUN
,	,	PUNCTclause
tomber	tomber	VERB
plus	plus	ADV
bas	bas	ADJ
que	que	SCONJ
eux	eux	PRON
en	en	ADP
leur	leur	PRON
payant	payer	VERB
une	un	DET
confidence	confidence	NOUN
,	,	PUNCTclause
ce	ce	PRON
ne	ne	ADV
est	être	AUX
pas	pas	ADV
un	un	DET
crime	crime	NOUN
;	;	PUNCTclause
ce	ce	PRON
est	être	AUX
peut-être	peut-être	ADV
une	un	DET
lâcheté	lâcheté	NOUN
,	,	PUNCTclause
mais	mais	CCONJ
ce	ce	PRON
est	être	AUX
assurément	assurément	ADV
une	un	DET
sottise	sottise	NOUN
;	;	PUNCTclause
car	car	CCONJ
rien	rien	PRON
ne	ne	ADV
vous	vous	PRON
garantit	garantir	VERB
la	le	DET
probité	probité	NOUN
de	de	ADP
un	un	DET
domestique	domestique	NOUN
qui	qui	PRON
trahit	trahir	VERB
sa	son	DET
maîtresse	maître	NOUN
;	;	PUNCTclause
et	et	CCONJ
vous	vous	PRON
ne	ne	ADV
saurez	savoir	VERB
jamais	jamais	ADV
si	si	SCONJ
il	il	PRON
est	être	VERB
dans	dans	ADP
vos	vos	DET
intérêts	intérêt	NOUN
ou	ou	CCONJ
dans	dans	ADP
ceux	ceux	PRON
de	de	ADP
votre	votre	DET
femme	femme	NOUN
.	.	PUNCTsent
Ce	ce	DET
point	point	NOUN
sera	être	AUX
donc	donc	ADV
une	un	DET
chose	chose	NOUN
jugée	juger	VERB
sans	sans	ADP
retour	retour	NOUN
.	.	PUNCTsent
↵↵	↵↵	PUNCTstruct
La	le	DET
nature	nature	NOUN
,	,	PUNCTclause
cette	ce	DET
bonne	bon	ADJ
et	et	CCONJ
tendre	tendre	ADJ
parente	parent	ADJ
,	,	PUNCTclause
a	avoir	AUX
placé	placer	VERB
près de	près de	ADP
une	un	DET
mère	mère	NOUN
de	de	ADP
famille	famille	NOUN
les	le:PRON	PRON
espions	espion	NOUN
les	le	DET
plus	plus	ADV
sûrs	sûr	ADJ
et	et	CCONJ
les	le	DET
plus	plus	ADV
fins	fin	ADJ
,	,	PUNCTclause
les	le	DET
plus	plus	ADV
véridiques	véridique	ADJ
et	et	CCONJ
en même temps	en même temps	ADV
les	le	DET
plus	plus	ADV
discrets	discret	ADJ
que	que	SCONJ
il	il	PRON
y	y	PRON
ait	avoir	VERB
au	au	ADP_DET
monde	monde	NOUN
.	.	PUNCTsent
Ils	ils	PRON
sont	être	AUX
muets	muet	NOUN
et	et	CCONJ
ils	ils	PRON
parlent	parler	VERB
,	,	PUNCTclause
ils	ils	PRON
voient	voir	VERB
tout	tout	DET
et	et	CCONJ
ne	ne	ADV
paraissent	paraître	VERB
rien	rien	PRON
voir	voir	VERB
.	.	PUNCTsent
↵↵	↵↵	PUNCTstruct
Un	un	DET
jour	jour	NOUN
,	,	PUNCTclause
un	un	DET
de	de	ADP
mes	mon	DET
amis	ami	NOUN
me	me	PRON
rencontre	rencontrer	VERB
sur	sur	ADP
le	le	DET
boulevard	boulevard	NOUN
;	;	PUNCTclause
il	il	PRON
me	me	PRON
invite	inviter	VERB
à	à	ADP
dîner	dîner	VERB
,	,	PUNCTclause
et	et	CCONJ
nous	nous	PRON
allons	aller	VERB
chez	chez	ADP
lui	lui	PRON
.	.	PUNCTsent
La	le	DET
table	table	NOUN
était	être	AUX
déjà	déjà	ADV
servie	servir	VERB
,	,	PUNCTclause
et	et	CCONJ
la	le	DET
maîtresse	maître	NOUN
du	du	ADP_DET
logis	logis	NOUN
distribuait	distribuer	VERB
à	à	ADP
ses	son	DET
deux	deux	NUM
filles	fille	NOUN
des	un	ADP_DET
assiettes	assiette	NOUN
pleines	plein	ADJ
de	de	ADP
un	un	DET
fumant	fumant	ADJ
potage	potage	NOUN
.	.	PUNCTsent
—	—	PUNCTclause
«	«	PUNCTclause
Voilà	voilà	ADP
de	de	ADP
mes	mon	DET
premiers	premier	ADJ
symptômes	symptôme	NOUN
»	»	PUNCTclause
,	,	PUNCTclause
me	me	PRON
dis	dire	VERB
je	je	PRON
.	.	PUNCTsent
Nous	nous	PRON
nous	nous	PRON
asseyons	asseoir	VERB
.	.	PUNCTsent
Le	le	DET
premier	premier	ADJ
mot	mot	NOUN
du	du	ADP_DET
mari	mari	NOUN
,	,	PUNCTclause
qui	qui	PRON
ne	ne	ADV
y	y	PRON
entendait	entendre	VERB
pas	pas	ADV
finesse	finesse	NOUN
et	et	CCONJ
qui	qui	PRON
ne	ne	ADV
parlait	parler	VERB
que	que	ADV
par	par	ADP
désœuvrement	désœuvrement	NOUN
,	,	PUNCTclause
fut	être	AUX
de	de	ADP
demander	demander	VERB
:	:	PUNCTclause
—	—	PUNCTclause
Est	être	X
il	il	PRON
venu	venir	VERB
quelqu'un	quelqu'un	PRON
aujourd'hui	aujourd'hui	ADV
?…	?…	PUNCTsent
—	—	PUNCTclause
Pas	pas	ADV
un	un	DET
chat	chat	NOUN
!	!	PUNCTsent
lui	lui	PRON
répond	répondre	VERB
sa	son	DET
femme	femme	NOUN
sans	sans	ADP
le	le:PRON	PRON
regarder	regarder	VERB
.	.	PUNCTsent
Je	je	PRON
ne	ne	ADV
oublierai	oublier	VERB
jamais	jamais	ADV
la	le	DET
vivacité	vivacité	NOUN
avec	avec	ADP
laquelle	laquelle	PRON
les	le	DET
deux	deux	NUM
filles	fille	NOUN
levèrent	lever	VERB
les	le	DET
yeux	œil	NOUN
sur	sur	ADP
leur	leur	DET
mère	mère	NOUN
.	.	PUNCTsent
l'	le	DET
aînée	aîné	NOUN
surtout	surtout	ADV
,	,	PUNCTclause
âgée	âgé	ADJ
de	de	ADP
huit	huit	NUM
ans	an	NOUN
,	,	PUNCTclause
eut	avoir	VERB
quelque chose	quelque chose	PRON
de	de	ADP
particulier	particulier	ADJ
dans	dans	ADP
le	le	DET
regard	regard	NOUN
.	.	PUNCTsent
il y a	il y a	VERB
tout	tout	ADV
à la fois	à la fois	ADV
des	un	ADP_DET
révélations	révélation	NOUN
et	et	CCONJ
du	du	ADP_DET
mystère	mystère	NOUN
,	,	PUNCTclause
de	de	ADP
la	le	DET
curiosité	curiosité	NOUN
et	et	CCONJ
du	du	ADP_DET
silence	silence	NOUN
,	,	PUNCTclause
de	de	ADP
l'	le	DET
étonnement	étonnement	NOUN
et	et	CCONJ
de	de	ADP
la	le	DET
sécurité	sécurité	NOUN
.	.	PUNCTsent
si	si	SCONJ
il y a	il y a	VERB
quelque chose	quelque chose	PRON
de	de	ADP
comparable	comparable	ADJ
à	à	ADP
la	le	DET
vélocité	vélocité	NOUN
avec	avec	ADP
laquelle	laquelle	PRON
cette	ce	DET
flamme	flamme	NOUN
candide	candide	ADJ
se	se	PRON
échappa	échapper	VERB
de	de	ADP
leurs	leur	DET
yeux	œil	NOUN
,	,	PUNCTclause
ce	ce	PRON
fut	être	AUX
la	le	DET
prudence	prudence	NOUN
avec	avec	ADP
laquelle	laquelle	PRON
elles	elles	PRON
déroulèrent	dérouler	VERB
toutes	tout	ADJ
deux	deux	NUM
,	,	PUNCTclause
comme	comme	ADP
des	un	DET
jalousies	jalousie	NOUN
,	,	PUNCTclause
les	le	DET
plis	pli	NOUN
gracieux	gracieux	ADJ
de	de	ADP
leurs	leur	DET
blanches	blanc	NOUN
paupières	paupière	NOUN
.	.	PUNCTsent
↵↵	↵↵	PUNCTstruct
Douces	doux	ADJ
et	et	CCONJ
charmantes	charmant	ADJ
créatures	créature	NOUN
qui	qui	PRON
,	,	PUNCTclause
depuis	depuis	ADP
l'	le	DET
âge	âge	NOUN
de	de	ADP
neuf	neuf	NUM
ans	an	NOUN
jusque	jusque	ADP
à	à	ADP
la	le	DET
nubilité	nubilité	NOUN
,	,	PUNCTclause
faites	faire	VERB
souvent	souvent	ADV
le	le	DET
tourment	tourment	NOUN
de	de	ADP
une	un	DET
mère	mère	NOUN
,	,	PUNCTclause
quand même	quand même	ADV
elle	elle	PRON
ne	ne	ADV
est	être	AUX
pas	pas	ADV
coquette	coquet	ADJ
,	,	PUNCTclause
est	être	AUX
ce	ce	DET
donc	donc	ADV
par	par	ADP
privilège	privilège	NOUN
ou	ou	CCONJ
par	par	ADP
instinct	instinct	NOUN
que	que	SCONJ
vos	vos	DET
jeunes	jeune	NOUN
oreilles	oreille	NOUN
entendent	entendre	VERB
le	le	DET
plus	plus	ADV
faible	faible	ADJ
éclat	éclat	NOUN
de	de	ADP
une	un	DET
voix	voix	NOUN
de	de	ADP
homme	homme	NOUN
à travers	à travers	ADP
des	un	DET
murs	mur	NOUN
et	et	CCONJ
des	un	ADP_DET
portes	porte	NOUN
,	,	PUNCTclause
que	que	SCONJ
vos	vos	DET
yeux	œil	NOUN
voient	voir	VERB
tout	tout	ADV
,	,	PUNCTclause
que	que	SCONJ
votre	votre	DET
jeune	jeune	ADJ
esprit	esprit	NOUN
se	se	PRON
exerce	exercer	VERB
à	à	ADP
tout	tout	DET
deviner	deviner	VERB
,	,	PUNCTclause
même	même	ADV
la	le	DET
signification	signification	NOUN
de	de	ADP
un	un	DET
mot	mot	NOUN
dit	dire	VERB
en	en	ADP
l'	le	DET
air	air	NOUN
,	,	PUNCTclause
même	même	ADV
celle	celle	PRON
que	que	PRON
peut	pouvoir	VERB
avoir	avoir	VERB
le	le	DET
moindre	moindre	ADJ
geste	geste	NOUN
de	de	ADP
vos	vos	DET
mères	mère	NOUN
?	?	PUNCTsent
↵↵	↵↵	PUNCTstruct
il y a	il y a	VERB
de	de	ADP
la	le	DET
reconnaissance	reconnaissance	NOUN
et	et	CCONJ
je	je	PRON
ne	ne	ADV
sais	savoir	VERB
quoi	quoi	PRON
de	de	ADP
instinctif	instinctif	ADJ
dans	dans	ADP
la	le	DET
prédilection	prédilection	NOUN
des	un	ADP_DET
pères	père	NOUN
pour	pour	ADP
leurs	leur	DET
filles	fille	NOUN
,	,	PUNCTclause
et	et	CCONJ
des	un	DET
mères	mère	NOUN
pour	pour	ADP
leurs	leur	DET
garçons	garçon	NOUN
.	.	PUNCTsent
↵↵	↵↵	PUNCTstruct
Mais	mais	CCONJ
l'	le	DET
art	art	NOUN
de	de	ADP
instituer	instituer	VERB
des	un	DET
espions	espion	NOUN
en quelque sorte	en quelque sorte	ADV
matériels	matériel	ADJ
est	être	AUX
un	un	DET
enfantillage	enfantillage	NOUN
,	,	PUNCTclause
et	et	CCONJ
rien	rien	PRON
ne	ne	ADV
est	être	AUX
plus	plus	ADV
facile	facile	ADJ
que	que	SCONJ
de	de	ADP
trouver	trouver	VERB
mieux	mieux	ADV
que	que	SCONJ
ce	ce	DET
bedeau	bedeau	NOUN
qui	qui	PRON
se	se	PRON
avisa	aviser	VERB
de	de	ADP
placer	placer	VERB
des	un	DET
coquilles	coquille	NOUN
de	de	ADP
œuf	œuf	NOUN
dans	dans	ADP
son	son	DET
lit	lit	NOUN
,	,	PUNCTclause
et	et	CCONJ
qui	qui	PRON
ne	ne	ADV
obtint	obtenir	VERB
d'autre	d'autre	ADP_DET
compliment	compliment	NOUN
de	de	ADP
condoléance	condoléance	NOUN
de la part de	de la part de	ADP
son	son	DET
compère	compère	NOUN
stupéfait	stupéfait	ADJ
que	que	SCONJ
:	:	PUNCTclause
«	«	PUNCTsent
Tu	tu	PRON
ne	ne	ADV
les	le:PRON	PRON
aurais	avoir	AUX
pas	pas	ADV
si	si	ADV
bien	bien	ADV
pilés	piler	VERB
.	.	PUNCTsent
»	»	PUNCTclause
↵↵	↵↵	PUNCTstruct
Le	le	DET
maréchal	maréchal	NOUN
de	de	ADP
Saxe	Saxe	PROPN
ne	ne	ADV
donna	donner	VERB
guère	guère	ADV
plus	plus	ADV
de	de	ADP
consolation	consolation	NOUN
à	à	ADP
La	le	DET
Popelinière	Popelinière	PROPN
,	,	PUNCTclause
quand	quand	SCONJ
ils	ils	PRON
découvrirent	découvrir	VERB
ensemble	ensemble	ADV
cette	ce	DET
fameuse	fameux	ADJ
cheminée	cheminée	NOUN
tournante	tournant	ADJ
,	,	PUNCTclause
inventée	inventer	VERB
par	par	ADP
le	le	DET
duc	duc	NOUN
de	de	ADP
Richelieu	Richelieu	PROPN
:	:	PUNCTclause
—	—	PUNCTclause
«	«	PUNCTclause
Voilà	voilà	VERB
le	le	DET
plus	plus	ADV
bel	beau	ADJ
ouvrage	ouvrage	NOUN
à	à	ADP
cornes	corne	NOUN
que	que	SCONJ
je	je	PRON
aie	avoir	AUX
jamais	jamais	ADV
vu	voir	VERB
!	!	PUNCTsent
»	»	PUNCTclause
se	se	PRON
écria	écrier	VERB
le	le	DET
vainqueur	vainqueur	NOUN
de	de	ADP
Fontenoi	Fontenoi	PROPN
.	.	PUNCTsent
↵↵	↵↵	PUNCTstruct
Espérons	espérer	VERB
que	que	SCONJ
votre	votre	DET
espionnage	espionnage	NOUN
ne	ne	ADV
vous	vous	PRON
apprendra	apprendre	VERB
encore	encore	ADV
rien	rien	PRON
de	de	ADP
si	si	SCONJ
fâcheux	fâcheux	ADJ
!	!	PUNCTsent
Ces	ce	DET
malheurs	malheur	NOUN
sont	être	AUX
les	le	DET
fruits	fruit	NOUN
de	de	ADP
la	le	DET
guerre civile	guerre civile	NOUN
,	,	PUNCTclause
et	et	CCONJ
nous	nous	PRON
ne	ne	ADV
y	y	PRON
sommes	être	AUX
pas	pas	ADV
.	.	PUNCTsent
↵↵↵	↵↵↵	PUNCTstruct
		TOKEN
—	—	PUNCTclause
l'	le:PRON	PRON
index	index	NOUN
.	.	PUNCTsent
↵↵	↵↵	PUNCTstruct
Le	le	DET
pape	pape	NOUN
ne	ne	ADV
met	mettre	VERB
que	que	ADV
des	un	DET
livres	livre	NOUN
à	à	ADP
l'	le	DET
index	index	NOUN
;	;	PUNCTclause
vous	vous	PRON
marquerez	marquer	VERB
de	de	ADP
un	un	DET
sceau	sceau	NOUN
de	de	ADP
réprobation	réprobation	NOUN
les	le	DET
hommes	homme	NOUN
et	et	CCONJ
les	le	DET
choses	chose	NOUN
.	.	PUNCTsent
↵↵	↵↵	PUNCTstruct
Interdit	interdire	VERB
à	à	ADP
madame	madame	NOUN
de	de	ADP
aller	aller	VERB
au	au	ADP_DET
bain	bain	NOUN
autre part	autre part	ADV
que	que	SCONJ
chez	chez	ADP
elle	elle	PRON
.	.	PUNCTsent
↵↵	↵↵	PUNCTstruct
Interdit	interdire	VERB
à	à	ADP
madame	madame	NOUN
de	de	ADP
recevoir	recevoir	VERB
chez	chez	ADP
elle	elle	PRON
celui	celui	PRON
que	que	PRON
vous	vous	PRON
soupçonnez	soupçonner	VERB
de	de	ADP
être	être	AUX
son	son	DET
amant	amant	NOUN
,	,	PUNCTclause
et	et	CCONJ
toutes	tout	ADJ
les	le	DET
personnes	personne	NOUN
qui	qui	PRON
pourraient	pouvoir	VERB
se	se	PRON
intéresser	intéresser	VERB
à	à	ADP
leur	leur	DET
amour	amour	NOUN
.	.	PUNCTsent
↵↵	↵↵	PUNCTstruct
Interdit	interdire	VERB
à	à	ADP
madame	madame	NOUN
de	de	ADP
se	se	PRON
promener	promener	VERB
sans	sans	ADP
vous	vous	PRON
.	.	PUNCTsent
↵↵	↵↵	PUNCTstruct
Mais	mais	CCONJ
les	le	DET
bizarreries	bizarrerie	NOUN
auxquelles	auxquelles	ADP_PRON
donnent	donner	VERB
naissance	naissance	NOUN
dans	dans	ADP
chaque	chaque	DET
ménage	ménage	NOUN
la	le	DET
diversité	diversité	NOUN
des	un	ADP_DET
caractères	caractère	NOUN
,	,	PUNCTclause
les	le	DET
innombrables	innombrable	ADJ
incidents	incident	NOUN
des	un	ADP_DET
passions	passion	NOUN
,	,	PUNCTclause
et	et	CCONJ
les	le	DET
habitudes	habitude	NOUN
des	un	ADP_DET
époux	époux	NOUN
,	,	PUNCTclause
impriment	imprimer	VERB
à	à	ADP
ce	ce	DET
Livre	Livre	NOUN
noir	noir	ADJ
de	de	ADP
tels	tel	DET
changements	changement	NOUN
,	,	PUNCTclause
elles	elles	PRON
en	en	PRON
multiplient	multiplier	VERB
ou	ou	CCONJ
en	en	ADP
effacent	effacer	VERB
les	le	DET
lignes	ligne	NOUN
avec	avec	ADP
une	un	DET
telle	tel	DET
rapidité	rapidité	NOUN
,	,	PUNCTclause
que	que	SCONJ
un	un	DET
ami	ami	NOUN
de	de	ADP
l'	le	DET
auteur	auteur	NOUN
appelait	appeler	VERB
cet	ce	DET
index	index	NOUN
l'	le	DET
histoire	histoire	NOUN
des	un	ADP_DET
variations	variation	NOUN
de	de	ADP
l'	le	DET
église	église	NOUN
conjugale	conjugal	ADJ
.	.	PUNCTsent
↵↵	↵↵	PUNCTstruct
Il	il	PRON
ne	ne	ADV
existe	exister	VERB
que	que	ADV
deux	deux	NUM
choses	chose	NOUN
que	que	SCONJ
on	on	PRON
puisse	pouvoir	VERB
soumettre	soumettre	VERB
à	à	ADP
des	un	DET
principes	principe	NOUN
fixes	fixe	ADJ
:	:	PUNCTclause
la	le	DET
campagne	campagne	NOUN
et	et	CCONJ
la	le	DET
promenade	promenade	NOUN
.	.	PUNCTsent
↵↵	↵↵	PUNCTstruct
Un	un	DET
mari	mari	NOUN
ne	ne	ADV
doit	devoir	VERB
jamais	jamais	ADV
mener	mener	VERB
ni	ni	CCONJ
laisser	laisser	VERB
aller	aller	VERB
sa	son	DET
femme	femme	NOUN
à	à	ADP
la	le	DET
campagne	campagne	NOUN
.	.	PUNCTsent
Ayez	avoir	VERB
une	un	DET
terre	terre	NOUN
,	,	PUNCTclause
habitez	habiter	VERB
la	le	DET
,	,	PUNCTclause
ne	ne	ADV
y	y	PRON
recevez	recevoir	VERB
que	que	PRON
des	un	DET
dames	dame	NOUN
ou	ou	CCONJ
des	un	DET
vieillards	vieillard	NOUN
,	,	PUNCTclause
ne	ne	ADV
y	y	PRON
laissez	laisser	VERB
jamais	jamais	ADV
votre	votre	DET
femme	femme	NOUN
seule	seul	ADJ
.	.	PUNCTsent
Mais	mais	CCONJ
la	le:PRON	PRON
conduire	conduire	VERB
,	,	PUNCTclause
même	même	ADV
pour	pour	ADP
une	un	DET
demi-journée	demi-journée	NOUN
,	,	PUNCTclause
chez	chez	ADP
un	un	DET
autre	autre	ADJ
…	…	PUNCTsent
ce	ce	PRON
est	être	AUX
devenir	devenir	VERB
plus	plus	ADV
imprudent	imprudent	ADJ
que	que	SCONJ
une	un	DET
autruche	autruche	NOUN
.	.	PUNCTsent
↵↵	↵↵	PUNCTstruct
Surveiller	surveiller	VERB
une	un	DET
femme	femme	NOUN
à	à	ADP
la	le	DET
campagne	campagne	NOUN
est	être	AUX
déjà	déjà	ADV
l'	le	DET
œuvre	œuvre	NOUN
la	le	DET
plus	plus	ADV
difficile	difficile	ADJ
à	à	ADP
accomplir	accomplir	VERB
.	.	PUNCTsent
Pourrez	pouvoir	VERB
vous	vous	PRON
être	être	AUX
à la fois	à la fois	ADV
dans	dans	ADP
tous	tout	ADJ
les	le	DET
halliers	hallier	NOUN
,	,	PUNCTclause
grimper	grimper	VERB
sur	sur	ADP
tous	tout	ADJ
les	le	DET
arbres	arbre	NOUN
,	,	PUNCTclause
suivre	suivre	VERB
la	le	DET
trace	trace	NOUN
de	de	ADP
un	un	DET
amant	amant	NOUN
sur	sur	ADP
l'	le	DET
herbe	herbe	NOUN
foulée	fouler	VERB
la	le	DET
nuit	nuit	NOUN
,	,	PUNCTclause
mais	mais	CCONJ
que	que	SCONJ
la	le	DET
rosée	rosée	NOUN
du	du	ADP_DET
matin	matin	NOUN
redresse	redresser	VERB
et	et	CCONJ
fait	faire	VERB
renaître	renaître	VERB
aux	au	ADP_DET
rayons	rayon	NOUN
du	du	ADP_DET
soleil	soleil	NOUN
?	?	PUNCTsent
Aurez	avoir	VERB
vous	vous	PRON
un	un	DET
œil	œil	NOUN
à	à	ADP
chaque	chaque	DET
brèche	brèche	NOUN
des	un	ADP_DET
murs	mur	NOUN
du	du	ADP_DET
parc	parc	NOUN
?	?	PUNCTsent
ho	ho	INTJ
!	!	PUNCTsent
la	le	DET
campagne	campagne	NOUN
et	et	CCONJ
le	le	DET
printemps	printemps	NOUN
!…	!…	PUNCTsent
voilà	voilà	ADP
les	le	DET
deux	deux	NUM
bras	bras	NOUN
droits	droit	ADJ
du	du	ADP_DET
célibat	célibat	NOUN
.	.	PUNCTsent
↵↵	↵↵	PUNCTstruct
Quand	quand	SCONJ
une	un	DET
femme	femme	NOUN
arrive	arriver	VERB
à	à	ADP
la	le	DET
crise	crise	NOUN
dans	dans	ADP
laquelle	laquelle	PRON
nous	nous	PRON
supposons	supposer	VERB
que	que	SCONJ
elle	elle	PRON
se	se	PRON
trouve	trouver	VERB
,	,	PUNCTclause
un	un	DET
mari	mari	NOUN
doit	devoir	VERB
rester	rester	VERB
à	à	ADP
la	le	DET
ville	ville	NOUN
jusque	jusque	ADP
au moment de	au moment de	ADP
la	le	DET
guerre	guerre	NOUN
,	,	PUNCTclause
ou	ou	CCONJ
se	se	PRON
dévouer	dévouer	VERB
à	à	ADP
tous	tout	ADJ
les	le	DET
plaisirs	plaisir	NOUN
de	de	ADP
un	un	DET
cruel	cruel	ADJ
espionnage	espionnage	NOUN
.	.	PUNCTsent
↵↵	↵↵	PUNCTstruct
en ce qui concerne	en ce qui concerne	ADP
la	le	DET
promenade	promenade	NOUN
,	,	PUNCTclause
madame	madame	NOUN
veut	vouloir	VERB
elle	elle	PRON
aller	aller	VERB
aux	au	ADP_DET
fêtes	fête	NOUN
,	,	PUNCTclause
aux	au	ADP_DET
spectacles	spectacle	NOUN
,	,	PUNCTclause
au	au	ADP_DET
bois	bois	NOUN
de	de	ADP
Boulogne	Boulogne	PROPN
;	;	PUNCTclause
sortir	sortir	VERB
pour	pour	ADP
marchander	marchander	VERB
des	un	DET
étoffes	étoffe	NOUN
,	,	PUNCTclause
voir	voir	VERB
les	le	DET
modes	mode	NOUN
?	?	PUNCTsent
Madame	madame	NOUN
ira	aller	VERB
,	,	PUNCTclause
sortira	sortir	VERB
,	,	PUNCTclause
verra	voir	VERB
dans	dans	ADP
l'	le	DET
honorable	honorable	ADJ
compagnie	compagnie	NOUN
de	de	ADP
son	son	DET
maître	maître	NOUN
et	et	CCONJ
seigneur	seigneur	NOUN
.	.	PUNCTsent
↵↵	↵↵	PUNCTstruct
Si	si	SCONJ
elle	elle	PRON
saisissait	saisir	VERB
le	le	DET
moment	moment	NOUN
où	où	PRON
une	un	DET
occupation	occupation	NOUN
que	que	SCONJ
il	il	PRON
vous	vous	PRON
serait	être	AUX
impossible	impossible	ADJ
de	de	ADP
abandonner	abandonner	VERB
vous	vous	PRON
réclame	réclamer	VERB
tout	tout	ADV
entier	entier	ADJ
,	,	PUNCTclause
pour	pour	ADP
essayer	essayer	VERB
de	de	ADP
vous	vous	PRON
surprendre	surprendre	VERB
une	un	DET
tacite	tacite	ADJ
adhésion	adhésion	NOUN
à	à	ADP
quelque	quelque	DET
sortie	sortie	NOUN
méditée	méditer	VERB
;	;	PUNCTclause
si	si	SCONJ
,	,	PUNCTclause
pour	pour	ADP
l'	le	DET
obtenir	obtenir	VERB
,	,	PUNCTclause
elle	elle	PRON
se	se	PRON
mettait	mettre	VERB
à	à	ADP
déployer	déployer	VERB
tous	tout	ADJ
les	le	DET
prestiges	prestige	NOUN
et	et	CCONJ
toutes	tout	ADJ
les	le	DET
séductions	séduction	NOUN
de	de	ADP
ces	ce	DET
scènes	scène	NOUN
de	de	ADP
câlinerie	câlinerie	NOUN
dans	dans	ADP
lesquelles	lesquelles	PRON
les	le	DET
femmes	femme	NOUN
excellent	excellent	ADJ
et	et	CCONJ
dont	dont	PRON
les	le	DET
féconds	fécond	ADJ
ressorts	ressort	NOUN
doivent	devoir	VERB
être	être	AUX
devinés	deviner	VERB
par	par	ADP
vous	vous	PRON
,	,	PUNCTclause
hé	hé	INTJ
!	!	PUNCTsent
bien	bien	ADV
,	,	PUNCTclause
le	le	DET
professeur	professeur	NOUN
vous	vous	PRON
engage	engager	VERB
à	à	ADP
vous	vous	PRON
laisser	laisser	VERB
charmer	charmer	VERB
,	,	PUNCTclause
à	à	ADP
vendre	vendre	VERB
cher	cher	ADV
la	le	DET
permission	permission	NOUN
demandée	demander	VERB
,	,	PUNCTclause
et	et	CCONJ
surtout	surtout	ADV
à	à	ADP
convaincre	convaincre	VERB
cette	ce	DET
créature	créature	NOUN
dont	dont	PRON
l'	le	DET
âme	âme	NOUN
est	être	AUX
tour à tour	tour à tour	ADV
aussi	aussi	ADV
mobile	mobile	ADJ
que	que	SCONJ
l'	le	DET
eau	eau	NOUN
,	,	PUNCTclause
aussi	aussi	ADV
ferme	ferme	ADJ
que	que	SCONJ
l'	le	DET
acier	acier	NOUN
,	,	PUNCTclause
que	que	SCONJ
il	il	PRON
vous	vous	PRON
est	être	AUX
défendu	défendre	VERB
par	par	ADP
l'	le	DET
importance	importance	NOUN
de	de	ADP
votre	votre	DET
travail	travail	NOUN
de	de	ADP
quitter	quitter	VERB
votre	votre	DET
cabinet	cabinet	NOUN
.	.	PUNCTsent
↵↵	↵↵	PUNCTstruct
Mais	mais	CCONJ
aussitôt	aussitôt	ADV
que	que	SCONJ
votre	votre	DET
femme	femme	NOUN
aura	avoir	VERB
mis	mettre	VERB
le	le	DET
pied	pied	NOUN
dans	dans	ADP
la	le	DET
rue	rue	NOUN
,	,	PUNCTclause
si	si	SCONJ
elle	elle	PRON
va	aller	VERB
à	à	ADP
pied	pied	NOUN
,	,	PUNCTclause
ne	ne	ADV
lui	lui	PRON
donnez	donner	VERB
pas	pas	ADV
le	le	DET
loisir	loisir	NOUN
de	de	ADP
faire	faire	VERB
seulement	seulement	ADV
cinquante	cinquante	NUM
pas	pas	NOUN
;	;	PUNCTclause
soyez	être	VERB
sur	sur	ADP
ses	son	DET
traces	trace	NOUN
,	,	PUNCTclause
et	et	CCONJ
suivez	suivre	VERB
la	le	DET
sans que	sans que	SCONJ
elle	elle	PRON
puisse	pouvoir	VERB
se	se	PRON
en	en	ADP
apercevoir	apercevoir	VERB
.	.	PUNCTsent
↵↵	↵↵	PUNCTstruct
Il	il	PRON
existe	exister	VERB
peut-être	peut-être	ADV
des	un	ADP_DET
Werther	Werther	PROPN
dont	dont	PRON
les	le	DET
âmes	âme	NOUN
tendres	tendre	ADJ
et	et	CCONJ
délicates	délicat	ADJ
se	se	PRON
révolteront	révolter	VERB
de	de	ADP
cette	ce	DET
inquisition	inquisition	NOUN
.	.	PUNCTsent
Cette	ce	DET
conduite	conduite	NOUN
ne	ne	ADV
est	être	AUX
pas	pas	ADV
plus	plus	ADV
coupable	coupable	ADJ
que	que	SCONJ
celle	celle	PRON
de	de	ADP
un	un	DET
propriétaire	propriétaire	NOUN
qui	qui	PRON
se	se	PRON
relève	relever	VERB
la	le	DET
nuit	nuit	NOUN
,	,	PUNCTclause
et	et	CCONJ
regarde	regarder	VERB
par	par	ADP
la	le	DET
fenêtre	fenêtre	NOUN
pour	pour	ADP
veiller	veiller	VERB
sur	sur	ADP
les	le	DET
pêches	pêche	NOUN
de	de	ADP
ses	son	DET
espaliers	espalier	NOUN
.	.	PUNCTsent
Vous	vous	PRON
obtiendrez	obtenir	VERB
peut-être	peut-être	ADV
par là	par là	ADV
,	,	PUNCTclause
avant que	avant que	SCONJ
le	le	DET
crime	crime	NOUN
ne	ne	ADV
soit	être	AUX
commis	commettre	VERB
,	,	PUNCTclause
des	un	DET
renseignements	renseignement	NOUN
exacts	exact	ADJ
sur	sur	ADP
ces	ce	DET
appartements	appartement	NOUN
que	que	SCONJ
tant de	tant de	DET
amoureux	amoureux	NOUN
louent	louer	VERB
en	en	ADP
ville	ville	NOUN
sous	sous	ADP
des	un	DET
noms	nom	NOUN
supposés	supposer	VERB
.	.	PUNCTsent
Si	si	ADV
par	par	ADP
un	un	DET
hasard	hasard	NOUN
(	(	PUNCTclause
dont	dont	PRON
Dieu	Dieu	PROPN
vous	vous	PRON
garde	garder	VERB
)	)	PUNCTclause
votre	votre	DET
femme	femme	NOUN
entrait	entrer	VERB
dans	dans	ADP
une	un	DET
maison	maison	NOUN
à	à	ADP
vous	vous	PRON
suspecte	suspecter	VERB
,	,	PUNCTclause
informez	informer	VERB
vous	vous	PRON
si	si	SCONJ
le	le	DET
logis	logis	NOUN
a	avoir	AUX
plusieurs	plusieurs	DET
issues	issu	ADJ
.	.	PUNCTsent
↵↵	↵↵	PUNCTstruct
Votre	votre	DET
femme	femme	NOUN
monte	monter	VERB
elle	elle	PRON
en	en	ADP
fiacre	fiacre	NOUN
…	…	PUNCTsent
que	que	SCONJ
avez	avoir	AUX
vous	vous	PRON
à	à	ADP
craindre	craindre	VERB
?	?	PUNCTsent
Un	un	DET
préfet	préfet	NOUN
de	de	ADP
police	police	NOUN
auquel	auquel	ADP_PRON
les	le	DET
maris	mari	NOUN
auraient	avoir	AUX
dû	devoir	VERB
décerner	décerner	VERB
une	un	DET
couronne	couronne	NOUN
de	de	ADP
or	or	NOUN
mat	mat	ADJ
ne	ne	ADV
a	avoir	VERB
il	il	PRON
pas	pas	ADV
construit	construire	VERB
sur	sur	ADP
chaque	chaque	DET
place	place	NOUN
de	de	ADP
fiacres	fiacre	NOUN
une	un	DET
petite	petit	ADJ
baraque	baraque	NOUN
où	où	PRON
siège	siéger	VERB
,	,	PUNCTclause
son	son	DET
registre	registre	NOUN
à	à	ADP
la	le	DET
main	main	NOUN
,	,	PUNCTclause
un	un	DET
incorruptible	incorruptible	ADJ
gardien	gardien	NOUN
de	de	ADP
la	le	DET
morale	morale	NOUN
publique	public	ADJ
?	?	PUNCTsent
Ne	ne	ADV
sait	savoir	VERB
on	on	PRON
pas	pas	ADV
où	où	PRON
vont	aller	VERB
et	et	CCONJ
de	de	ADP
où	où	PRON
viennent	venir	VERB
ces	ce	DET
gondoles	gondole	NOUN
parisiennes	parisien	ADJ
?	?	PUNCTsent
↵↵	↵↵	PUNCTstruct
Un	un	DET
des	un	ADP_DET
principes	principe	NOUN
vitaux	vital	ADJ
de	de	ADP
votre	votre	DET
police	police	NOUN
sera	être	AUX
de	de	ADP
accompagner	accompagner	VERB
parfois	parfois	ADV
votre	votre	DET
femme	femme	NOUN
chez	chez	ADP
les	le	DET
fournisseurs	fournisseur	NOUN
de	de	ADP
votre	votre	DET
maison	maison	NOUN
si	si	SCONJ
elle	elle	PRON
avait	avoir	VERB
l'	le	DET
habitude	habitude	NOUN
de	de	ADP
y	y	PRON
aller	aller	VERB
.	.	PUNCTsent
Vous	vous	PRON
examinerez	examiner	VERB
soigneusement	soigneusement	ADV
si	si	SCONJ
il	il	PRON
existe	exister	VERB
quelque	quelque	DET
familiarité	familiarité	NOUN
entre	entre	ADP
elle	elle	PRON
et	et	CCONJ
sa	son	DET
mercière	mercier	NOUN
,	,	PUNCTclause
sa	son	DET
marchande	marchand	NOUN
de	de	ADP
modes	mode	NOUN
,	,	PUNCTclause
sa	son	DET
couturière	couturier	NOUN
,	,	PUNCTclause
etc	etc	ADV
.	.	PUNCTsent
Vous	vous	PRON
appliquerez	appliquer	VERB
là	là	ADV
les	le	DET
règles	règle	NOUN
de	de	ADP
la	le	DET
Douane	Douane	NOUN
Conjugale	Conjugale	PROPN
,	,	PUNCTclause
et	et	CCONJ
vous	vous	PRON
tirerez	tirer	VERB
vos	vos	DET
conclusions	conclusion	NOUN
.	.	PUNCTsent
↵↵	↵↵	PUNCTstruct
Si	si	SCONJ
,	,	PUNCTclause
en	en	ADP
votre	votre	DET
absence	absence	NOUN
,	,	PUNCTclause
votre	votre	DET
femme	femme	NOUN
,	,	PUNCTclause
sortie	sortir	VERB
malgré	malgré	ADP
vous	vous	PRON
,	,	PUNCTclause
prétend	prétendre	VERB
être	être	AUX
allée	aller	VERB
à	à	ADP
tel	tel	DET
endroit	endroit	NOUN
,	,	PUNCTclause
dans	dans	ADP
tel	tel	DET
magasin	magasin	NOUN
,	,	PUNCTclause
rendez-vous	rendez-vous	NOUN
y	y	PRON
le	le	DET
lendemain	lendemain	NOUN
,	,	PUNCTclause
et	et	CCONJ
tâchez	tâcher	VERB
de	de	ADP
savoir	savoir	VERB
si	si	SCONJ
elle	elle	PRON
a	avoir	AUX
dit	dire	VERB
la	le	DET
vérité	vérité	NOUN
.	.	PUNCTsent
↵↵	↵↵	PUNCTstruct
Mais	mais	CCONJ
la	le	DET
passion	passion	NOUN
vous	vous	PRON
dictera	dicter	VERB
,	,	PUNCTclause
mieux	mieux	ADV
encore	encore	ADV
que	que	SCONJ
cette	ce	DET
Méditation	Méditation	PROPN
,	,	PUNCTclause
les	le	DET
ressources	ressource	NOUN
de	de	ADP
la	le	DET
tyrannie	tyrannie	NOUN
conjugale	conjugal	ADJ
,	,	PUNCTclause
et	et	CCONJ
nous	nous	PRON
arrêterons	arrêter	VERB
là	là	ADV
ces	ce	DET
fastidieux	fastidieux	ADJ
enseignements	enseignement	NOUN
.	.	PUNCTsent
↵↵↵	↵↵↵	PUNCTstruct
V	V	PROPN
—	—	PUNCTclause
Du	Du	PROPN
budget	budget	NOUN
.	.	PUNCTsent
↵↵	↵↵	PUNCTstruct
En	en	ADP
esquissant	esquisser	VERB
le	le	DET
portrait	portrait	NOUN
de	de	ADP
un	un	DET
mari	mari	NOUN
valide	valide	ADJ
(	(	PUNCTclause
Voyez	Voyez	PROPN
la	le	DET
Méditation	Méditation	NOUN
des	un	ADP_DET
Prédestinés	Prédestinés	PROPN
)	)	PUNCTclause
,	,	PUNCTclause
nous	nous	PRON
lui	lui	PRON
avons	avoir	AUX
soigneusement	soigneusement	ADV
recommandé	recommander	VERB
de	de	ADP
cacher	cacher	VERB
à	à	ADP
sa	son	DET
femme	femme	NOUN
la	le	DET
véritable	véritable	ADJ
somme	somme	NOUN
à	à	ADP
laquelle	laquelle	PRON
monte	monter	VERB
son	son	DET
revenu	revenu	NOUN
.	.	PUNCTsent
↵↵	↵↵	PUNCTstruct
Tout	tout	PRON
en	en	ADP
nous	nous	PRON
appuyant	appuyer	VERB
sur	sur	ADP
cette	ce	DET
base	base	NOUN
pour	pour	ADP
établir	établir	VERB
notre	notre	DET
système	système	NOUN
financier	financier	ADJ
,	,	PUNCTclause
nous	nous	PRON
espérons	espérer	VERB
contribuer	contribuer	VERB
à	à	ADP
faire	faire	AUX
tomber	tomber	VERB
l'	le	DET
opinion	opinion	NOUN
assez	assez	ADV
généralement	généralement	ADV
répandue	répandre	VERB
,	,	PUNCTclause
que	que	SCONJ
il	il	PRON
ne	ne	ADV
faut	falloir	VERB
pas	pas	ADV
donner	donner	VERB
le	le	DET
maniement	maniement	NOUN
de	de	ADP
l'	le	DET
argent	argent	NOUN
à	à	ADP
sa	son	DET
femme	femme	NOUN
.	.	PUNCTsent
Ce	ce	DET
principe	principe	NOUN
est	être	AUX
une	un	DET
des	un	DET
erreurs	erreur	NOUN
populaires	populaire	ADJ
qui	qui	PRON
amènent	amener	VERB
le	le	DET
plus	plus	ADV
de	de	ADP
contresens	contresens	NOUN
en	en	ADP
ménage	ménage	NOUN
.	.	PUNCTsent
↵↵	↵↵	PUNCTstruct
Et	et	CCONJ
d'abord	d'abord	ADV
traitons	traiter	VERB
la	le	DET
question	question	NOUN
de	de	ADP
cœur	cœur	NOUN
avant	avant	ADP
la	le	DET
question	question	NOUN
de	de	ADP
argent	argent	NOUN
.	.	PUNCTsent
↵↵	↵↵	PUNCTstruct
Décréter	décréter	VERB
une	un	DET
petite	petit	ADJ
liste	liste	NOUN
civile	civil	ADJ
,	,	PUNCTclause
pour	pour	ADP
votre	votre	DET
femme	femme	NOUN
et	et	CCONJ
pour	pour	ADP
les	le	DET
exigences	exigence	NOUN
de	de	ADP
la	le	DET
maison	maison	NOUN
,	,	PUNCTclause
et	et	CCONJ
la	le	DET
lui	lui	PRON
verser	verser	VERB
comme	comme	ADP
une	un	DET
contribution	contribution	NOUN
,	,	PUNCTclause
par	par	ADP
douzièmes	douzième	NOUN
égaux	égal	ADJ
et	et	CCONJ
de	de	ADP
mois	mois	NOUN
en	en	ADP
mois	mois	NOUN
,	,	PUNCTclause
emporte	emporter	VERB
en soi	en soi	ADV
quelque chose	quelque chose	PRON
de	de	ADP
petit	petit	ADJ
,	,	PUNCTclause
de	de	ADP
mesquin	mesquin	ADJ
,	,	PUNCTclause
de	de	ADP
resserré	resserrer	VERB
,	,	PUNCTclause
qui	qui	PRON
ne	ne	ADV
peut	pouvoir	VERB
convenir	convenir	VERB
que	que	SCONJ
à	à	ADP
des	un	DET
âmes	âme	NOUN
sordides	sordide	ADJ
ou	ou	CCONJ
méfiantes	méfiant	ADJ
.	.	PUNCTsent
En	en	PRON
agissant	agir	VERB
ainsi	ainsi	ADV
,	,	PUNCTclause
vous	vous	PRON
vous	vous	PRON
préparez	préparer	VERB
de	de	ADP
immenses	immense	ADJ
chagrins	chagrin	NOUN
.	.	PUNCTsent
↵↵	↵↵	PUNCTstruct
Je	je	PRON
veux	vouloir	VERB
bien	bien	ADV
que	que	SCONJ
,	,	PUNCTclause
pendant	pendant	ADP
les	le	DET
premières	premier	ADJ
années	année	NOUN
de	de	ADP
votre	votre	DET
union	union	NOUN
mellifique	mellifique	ADJ
,	,	PUNCTclause
des	un	DET
scènes	scène	NOUN
plus	plus	ADV
ou	ou	CCONJ
moins	moins	ADV
gracieuses	gracieux	ADJ
,	,	PUNCTclause
des	un	DET
plaisanteries	plaisanterie	NOUN
de	de	ADP
bon goût	bon goût	NOUN
,	,	PUNCTclause
des	un	DET
bourses	bourse	NOUN
élégantes	élégant	ADJ
,	,	PUNCTclause
des	un	DET
caresses	caresse	NOUN
aient	avoir	AUX
accompagné	accompagner	VERB
,	,	PUNCTclause
décoré	décorer	VERB
le	le	DET
don	don	NOUN
mensuel	mensuel	ADJ
;	;	PUNCTclause
mais	mais	CCONJ
il	il	PRON
arrivera	arriver	VERB
un	un	DET
moment	moment	NOUN
où	où	PRON
l'	le	DET
étourderie	étourderie	NOUN
de	de	ADP
votre	votre	DET
femme	femme	NOUN
,	,	PUNCTclause
une	un	DET
dissipation	dissipation	NOUN
imprévue	imprévu	ADJ
la	le	DET
forceront	forcer	VERB
à	à	ADP
implorer	implorer	VERB
un	un	DET
emprunt	emprunt	NOUN
dans	dans	ADP
la	le	DET
chambre	chambre	NOUN
.	.	PUNCTsent
Je	je	PRON
suppose	supposer	VERB
que	que	SCONJ
vous	vous	PRON
accorderez	accorder	VERB
toujours	toujours	ADV
le	le	DET
bill	bill	NOUN
de	de	ADP
indemnité	indemnité	NOUN
,	,	PUNCTclause
sans	sans	ADP
le	le:PRON	PRON
vendre	vendre	VERB
fort	fort	ADV
cher	cher	ADV
,	,	PUNCTclause
par	par	ADP
des	un	DET
discours	discours	NOUN
,	,	PUNCTclause
comme	comme	ADP
nos	nos	DET
infidèles	infidèle	ADJ
députés	député	NOUN
ne	ne	ADV
manquent	manquer	VERB
pas	pas	ADV
de	de	ADP
le	le	DET
faire	faire	AUX
.	.	PUNCTsent
Ils	ils	PRON
payent	payer	VERB
,	,	PUNCTclause
mais	mais	CCONJ
ils	ils	PRON
grognent	grogner	VERB
;	;	PUNCTclause
vous	vous	PRON
payerez	payer	VERB
et	et	CCONJ
ferez	faire	VERB
des	un	DET
compliments	compliment	NOUN
;	;	PUNCTclause
soit	soit	CCONJ
!	!	PUNCTsent
↵↵	↵↵	PUNCTstruct
Mais	mais	CCONJ
dans	dans	ADP
la	le	DET
crise	crise	NOUN
où	où	PRON
nous	nous	PRON
sommes	être	AUX
,	,	PUNCTclause
les	le	DET
prévisions	prévision	NOUN
du	du	ADP_DET
budget	budget	NOUN
annuel	annuel	ADJ
ne	ne	ADV
suffisent	suffire	VERB
jamais	jamais	ADV
.	.	PUNCTsent
il y a	il y a	VERB
accroissement	accroissement	NOUN
de	de	ADP
fichus	fichu	NOUN
,	,	PUNCTclause
de	de	ADP
bonnets	bonnet	NOUN
,	,	PUNCTclause
de	de	ADP
robes	robe	NOUN
;	;	PUNCTclause
il y a	il y a	VERB
une	un	DET
dépense	dépense	NOUN
inappréciable	inappréciable	ADJ
nécessitée	nécessiter	VERB
par	par	ADP
les	le	DET
congrès	congrès	NOUN
,	,	PUNCTclause
les	le	DET
courriers	courrier	NOUN
diplomatiques	diplomatique	ADJ
,	,	PUNCTclause
par	par	ADP
les	le	DET
voies	voie	NOUN
et	et	CCONJ
les	le	DET
moyens	moyen	NOUN
de	de	ADP
l'	le	DET
amour	amour	NOUN
,	,	PUNCTclause
tandis que	tandis que	SCONJ
les	le	DET
recettes	recette	NOUN
restent	rester	VERB
les	le	DET
mêmes	même	ADJ
.	.	PUNCTsent
Alors	alors	ADV
commence	commencer	VERB
dans	dans	ADP
un	un	DET
ménage	ménage	NOUN
l'	le	DET
éducation	éducation	NOUN
la	le	DET
plus	plus	ADV
odieuse	odieux	ADJ
et	et	CCONJ
la	le	DET
plus	plus	ADV
épouvantable	épouvantable	ADJ
que	que	SCONJ
on	on	PRON
puisse	pouvoir	VERB
donner	donner	VERB
à	à	ADP
une	un	DET
femme	femme	NOUN
.	.	PUNCTsent
Je	je	PRON
ne	ne	ADV
sache	savoir	VERB
guère	guère	ADV
que	que	SCONJ
quelques	quelque	DET
âmes	âme	NOUN
nobles	noble	ADJ
et	et	CCONJ
généreuses	généreux	ADJ
,	,	PUNCTclause
qui	qui	PRON
tiennent	tenir	VERB
à	à	ADP
plus	plus	ADV
haut	haut	ADJ
prix	prix	NOUN
que	que	SCONJ
les	le	DET
millions	million	NOUN
la	le	DET
pureté	pureté	NOUN
du	du	ADP_DET
cœur	cœur	NOUN
,	,	PUNCTclause
la	le	DET
franchise	franchise	NOUN
de	de	ADP
l'	le	DET
âme	âme	NOUN
,	,	PUNCTclause
et	et	CCONJ
qui	qui	PRON
pardonneraient	pardonner	VERB
mille	mille	NUM
fois	fois	NOUN
une	un	DET
passion	passion	NOUN
plutôt	plutôt	ADV
que	que	SCONJ
un	un	DET
mensonge	mensonge	NOUN
,	,	PUNCTclause
dont	dont	PRON
l'	le	DET
instinctive	instinctif	ADJ
délicatesse	délicatesse	NOUN
a	avoir	AUX
deviné	deviner	VERB
le	le	DET
principe	principe	NOUN
de	de	ADP
cette	ce	DET
peste	peste	NOUN
de	de	ADP
l'	le	DET
âme	âme	NOUN
,	,	PUNCTclause
dernier	dernier	ADJ
degré	degré	NOUN
de	de	ADP
la	le	DET
corruption	corruption	NOUN
humaine	humain	ADJ
.	.	PUNCTsent
↵↵	↵↵	PUNCTstruct
Alors	alors	ADV
,	,	PUNCTclause
en effet	en effet	ADV
,	,	PUNCTclause
se	se	PRON
passent	passer	VERB
dans	dans	ADP
un	un	DET
ménage	ménage	NOUN
les	le	DET
scènes	scène	NOUN
de	de	ADP
amour	amour	NOUN
les	le	DET
plus	plus	ADV
délicieuses	délicieux	ADJ
.	.	PUNCTsent
Alors	alors	ADV
une	un	DET
femme	femme	NOUN
se	se	PRON
assouplit	assouplir	VERB
;	;	PUNCTclause
et	et	CCONJ
,	,	PUNCTclause
semblable	semblable	ADJ
à	à	ADP
la	le	DET
plus	plus	ADV
brillante	brillant	ADJ
de	de	ADP
toutes	tout	ADJ
les	le	DET
cordes	corde	NOUN
de	de	ADP
une	un	DET
harpe	harpe	NOUN
jetée	jeter	VERB
devant	devant	ADP
le	le	DET
feu	feu	NOUN
,	,	PUNCTclause
elle	elle	PRON
se	se	PRON
roule	rouler	VERB
autour de	autour de	ADP
vous	vous	PRON
,	,	PUNCTclause
elle	elle	PRON
vous	vous	PRON
enlace	enlacer	VERB
,	,	PUNCTclause
elle	elle	PRON
vous	vous	PRON
enserre	enserrer	VERB
;	;	PUNCTclause
elle	elle	PRON
se	se	PRON
prête	prêter	VERB
à	à	ADP
toutes	tout	ADJ
vos	vos	DET
exigences	exigence	NOUN
;	;	PUNCTclause
jamais	jamais	ADV
ses	son	DET
discours	discours	NOUN
ne	ne	ADV
auront	avoir	AUX
été	être	AUX
plus	plus	ADV
tendres	tendre	ADJ
;	;	PUNCTclause
elle	elle	PRON
les	le	DET
prodigue	prodigue	NOUN
ou	ou	CCONJ
plutôt	plutôt	ADV
elle	elle	PRON
les	le:PRON	PRON
vend	vendre	VERB
;	;	PUNCTclause
elle	elle	PRON
arrive	arriver	VERB
à	à	ADP
tomber	tomber	VERB
au-dessous de	au-dessous de	ADP
une	un	DET
fille	fille	NOUN
de	de	ADP
Opéra	Opéra	PROPN
,	,	PUNCTclause
car	car	CCONJ
elle	elle	PRON
se	se	PRON
prostitue	prostituer	VERB
à	à	ADP
son	son	DET
mari	mari	NOUN
.	.	PUNCTsent
Dans	dans	ADP
ses	son	DET
plus	plus	ADV
doux	doux	ADJ
baisers	baiser	NOUN
,	,	PUNCTclause
il y a	il y a	VERB
de	de	ADP
l'	le	DET
argent	argent	NOUN
;	;	PUNCTclause
dans	dans	ADP
ses	son	DET
paroles	parole	NOUN
,	,	PUNCTclause
il y a	il y a	VERB
de	de	ADP
l'	le	DET
argent	argent	NOUN
.	.	PUNCTsent
À	à	ADP
ce	ce	PRON
métier	métier	NOUN
ses	son	DET
entrailles	entrailles	NOUN
deviennent	devenir	VERB
de	de	ADP
plomb	plomb	NOUN
pour	pour	ADP
vous	vous	PRON
.	.	PUNCTsent
l'	le	DET
usurier	usurier	NOUN
le	le	DET
plus	plus	ADV
poli	poli	ADJ
,	,	PUNCTclause
le	le	DET
plus	plus	ADV
perfide	perfide	ADJ
,	,	PUNCTclause
ne	ne	ADV
soupèse	soupeser	VERB
pas	pas	ADV
mieux	mieux	ADV
de	de	ADP
un	un	DET
regard	regard	NOUN
la	le	DET
future	futur	ADJ
valeur	valeur	NOUN
métallique	métallique	ADJ
de	de	ADP
un	un	DET
fils	fils	NOUN
de	de	ADP
famille	famille	NOUN
auquel	auquel	ADP_PRON
il	il	PRON
fait	faire	AUX
signer	signer	VERB
un	un	DET
billet	billet	NOUN
,	,	PUNCTclause
que	que	SCONJ
votre	votre	DET
femme	femme	NOUN
ne	ne	ADV
estime	estimer	VERB
un	un	DET
de	de	ADP
vos	vos	DET
désirs	désir	NOUN
en	en	ADP
sautant	sauter	VERB
de	de	ADP
branche	branche	NOUN
en	en	ADP
branche	branche	NOUN
comme	comme	ADP
un	un	DET
écureuil	écureuil	NOUN
qui	qui	PRON
se	se	PRON
sauve	sauver	VERB
,	,	PUNCTclause
afin de	afin de	ADP
augmenter	augmenter	VERB
la	le	DET
somme	somme	NOUN
de	de	ADP
argent	argent	NOUN
par	par	ADP
la	le	DET
somme	somme	NOUN
de	de	ADP
appétence	appétence	NOUN
.	.	PUNCTsent
Et	et	CCONJ
ne	ne	ADV
croyez	croire	VERB
pas	pas	ADV
échapper	échapper	VERB
à	à	ADP
de	de	DET
telles	tel	PRON
séductions	séduction	NOUN
.	.	PUNCTsent
La	le	DET
nature	nature	NOUN
a	avoir	AUX
donné	donner	VERB
des	un	DET
trésors	trésor	NOUN
de	de	ADP
coquetterie	coquetterie	NOUN
à	à	ADP
une	un	DET
femme	femme	NOUN
,	,	PUNCTclause
et	et	CCONJ
la	le	DET
société	société	NOUN
les	le:PRON	PRON
a	avoir	AUX
décuplés	décupler	VERB
par	par	ADP
ses	son	DET
modes	mode	NOUN
,	,	PUNCTclause
ses	son	DET
vêtements	vêtement	NOUN
,	,	PUNCTclause
ses	son	DET
broderies	broderie	NOUN
et	et	CCONJ
ses	son	DET
pèlerines	pèlerin	NOUN
.	.	PUNCTsent
↵↵	↵↵	PUNCTstruct
—	—	PUNCTclause
Si	si	SCONJ
je	je	PRON
me	me	PRON
marie	marier	VERB
,	,	PUNCTclause
disait	dire	VERB
un	un	DET
des	un	DET
plus	plus	ADV
honorables	honorable	ADJ
généraux	général	NOUN
de	de	ADP
nos	nos	DET
anciennes	ancien	ADJ
armées	armée	NOUN
,	,	PUNCTclause
je	je	PRON
ne	ne	ADV
mettrai	mettre	VERB
pas	pas	ADV
un	un	DET
sou	sou	NOUN
dans	dans	ADP
la	le	DET
corbeille	corbeille	NOUN
…	…	PUNCTsent
↵↵	↵↵	PUNCTstruct
—	—	PUNCTclause
Et	et	CCONJ
que	que	SCONJ
y	y	PRON
mettrez	mettre	VERB
vous	vous	PRON
donc	donc	ADV
,	,	PUNCTclause
général	général	ADJ
?	?	PUNCTsent
dit	dire	VERB
une	un	DET
jeune	jeune	ADJ
personne	personne	NOUN
.	.	PUNCTsent
↵↵	↵↵	PUNCTstruct
—	—	PUNCTclause
La	le	DET
clef	clef	NOUN
du	du	ADP_DET
secrétaire	secrétaire	NOUN
.	.	PUNCTsent
↵↵	↵↵	PUNCTstruct
La	le	DET
demoiselle	demoiselle	NOUN
fit	faire	VERB
une	un	DET
petite	petit	ADJ
minauderie	minauderie	NOUN
de	de	ADP
approbation	approbation	NOUN
.	.	PUNCTsent
Elle	elle	PRON
agita	agiter	VERB
doucement	doucement	ADV
sa	son	DET
petite	petit	ADJ
tête	tête	NOUN
par	par	ADP
un	un	DET
mouvement	mouvement	NOUN
semblable	semblable	ADJ
à	à	ADP
celui	celui	PRON
de	de	ADP
l'	le	DET
aiguille	aiguille	NOUN
aimantée	aimanter	VERB
;	;	PUNCTclause
son	son	DET
menton	menton	NOUN
se	se	PRON
releva	relever	VERB
légèrement	légèrement	ADV
,	,	PUNCTclause
et	et	CCONJ
il	il	PRON
semblait	sembler	VERB
que	que	SCONJ
elle	elle	PRON
eût	avoir	AUX
dit	dire	VERB
:	:	PUNCTclause
—	—	PUNCTclause
je	je	PRON
épouserais	épouser	VERB
le	le	DET
général	général	NOUN
très-volontiers	très-volontiers	ADV
,	,	PUNCTclause
malgré	malgré	ADP
ses	son	DET
quarante-cinq	quarante-cinq	NUM
ans	an	NOUN
.	.	PUNCTsent
↵↵	↵↵	PUNCTstruct
Mais	mais	CCONJ
comme	comme	ADP
question	question	NOUN
de	de	ADP
argent	argent	NOUN
,	,	PUNCTclause
quel	quel	DET
intérêt	intérêt	NOUN
voulez	vouloir	VERB
vous	vous	PRON
donc	donc	ADV
que	que	PRON
prenne	prendre	VERB
une	un	DET
femme	femme	NOUN
dans	dans	ADP
une	un	DET
machine	machine	NOUN
où	où	PRON
elle	elle	PRON
est	être	AUX
gagée	gager	VERB
comme	comme	ADP
un	un	DET
teneur	teneur	NOUN
de	de	ADP
livres	livre	NOUN
?	?	PUNCTsent
↵↵	↵↵	PUNCTstruct
Examinez	examiner	VERB
l'autre	l'autre	PRON
système	système	NOUN
.	.	PUNCTsent
↵↵	↵↵	PUNCTstruct
En	en	ADP
abandonnant	abandonner	VERB
à	à	ADP
votre	votre	DET
femme	femme	NOUN
,	,	PUNCTclause
sous couleur de	sous couleur de	ADP
confiance	confiance	NOUN
absolue	absolu	ADJ
,	,	PUNCTclause
les	le	DET
deux	deux	NUM
tiers	tiers	NOUN
de	de	ADP
votre	votre	DET
fortune	fortune	NOUN
,	,	PUNCTclause
et	et	CCONJ
la	le	DET
laissant	laisser	VERB
maîtresse	maître	NOUN
de	de	ADP
diriger	diriger	VERB
l'	le	DET
administration	administration	NOUN
conjugale	conjugal	ADJ
,	,	PUNCTclause
vous	vous	PRON
obtenez	obtenir	VERB
une	un	DET
estime	estime	NOUN
que	que	SCONJ
rien	rien	PRON
ne	ne	ADV
saurait	savoir	VERB
effacer	effacer	VERB
,	,	PUNCTclause
car	car	CCONJ
la	le	DET
confiance	confiance	NOUN
et	et	CCONJ
la	le	DET
noblesse	noblesse	NOUN
trouvent	trouver	VERB
de	de	ADP
puissants	puissant	ADJ
échos	écho	NOUN
dans	dans	ADP
le	le	DET
cœur	cœur	NOUN
de	de	ADP
la	le	DET
femme	femme	NOUN
.	.	PUNCTsent
Madame	madame	NOUN
sera	être	AUX
grevée	grever	VERB
de	de	ADP
une	un	DET
responsabilité	responsabilité	NOUN
qui	qui	PRON
élèvera	élever	VERB
souvent	souvent	ADV
une	un	DET
barrière	barrière	NOUN
d'autant	d'autant	ADP
plus	plus	ADV
forte	fort	ADJ
contre	contre	ADP
ses	son	DET
dissipations	dissipation	NOUN
que	que	SCONJ
elle	elle	PRON
se	se	PRON
la	le	DET
sera	être	AUX
créée	créer	VERB
elle-même	elle-même	PRON
dans	dans	ADP
son	son	DET
cœur	cœur	NOUN
.	.	PUNCTsent
Vous	vous	PRON
,	,	PUNCTclause
vous	vous	PRON
avez	avoir	AUX
fait	faire	VERB
d'abord	d'abord	ADV
une	un	DET
part	part	NOUN
au	au	ADP_DET
feu	feu	NOUN
,	,	PUNCTclause
et	et	CCONJ
vous	vous	PRON
êtes	être	AUX
sûr	sûr	ADJ
ensuite	ensuite	ADV
que	que	SCONJ
votre	votre	DET
femme	femme	NOUN
ne	ne	ADV
se	se	PRON
avilira	avilir	AUX
peut-être	peut-être	ADV
jamais	jamais	ADV
.	.	PUNCTsent
↵↵	↵↵	PUNCTstruct
Maintenant	maintenant	ADV
,	,	PUNCTclause
en	en	ADP
cherchant	chercher	VERB
là	là	ADV
des	un	ADP_DET
moyens	moyen	NOUN
de	de	ADP
défense	défense	NOUN
,	,	PUNCTclause
considérez	considérer	VERB
quelles	quel	DET
admirables	admirable	ADJ
ressources	ressource	NOUN
vous	vous	PRON
offre	offrir	VERB
ce	ce	DET
plan	plan	NOUN
de	de	ADP
finances	finance	NOUN
.	.	PUNCTsent
↵↵	↵↵	PUNCTstruct
Vous	vous	PRON
aurez	avoir	VERB
,	,	PUNCTclause
dans	dans	ADP
votre	votre	DET
ménage	ménage	NOUN
,	,	PUNCTclause
une	un	DET
cote	cote	NOUN
exacte	exact	ADJ
de	de	ADP
la	le	DET
moralité	moralité	NOUN
de	de	ADP
votre	votre	DET
femme	femme	NOUN
,	,	PUNCTclause
comme	comme	ADP
celle	celle	PRON
de	de	ADP
la	le	DET
Bourse	Bourse	NOUN
donne	donner	VERB
la	le	DET
mesure	mesure	NOUN
du	du	ADP_DET
degré	degré	NOUN
de	de	ADP
confiance	confiance	NOUN
obtenu	obtenir	VERB
par	par	ADP
le	le	DET
gouvernement	gouvernement	NOUN
.	.	PUNCTsent
↵↵	↵↵	PUNCTstruct
en effet	en effet	ADV
,	,	PUNCTclause
pendant	pendant	ADP
les	le	DET
premières	premier	ADJ
années	année	NOUN
de	de	ADP
votre	votre	DET
mariage	mariage	NOUN
,	,	PUNCTclause
votre	votre	DET
femme	femme	NOUN
se	se	PRON
piquera	piquer	VERB
de	de	ADP
vous	vous	PRON
donner	donner	VERB
du	du	DET
luxe	luxe	NOUN
et	et	CCONJ
de	de	ADP
la	le	DET
satisfaction	satisfaction	NOUN
pour	pour	ADP
votre	votre	DET
argent	argent	NOUN
.	.	PUNCTsent
↵↵	↵↵	PUNCTstruct
Elle	elle	PRON
instituera	instituer	VERB
une	un	DET
table	table	NOUN
opulemment	opulemment	ADV
servie	servir	VERB
,	,	PUNCTclause
renouvellera	renouveler	VERB
le	le	DET
mobilier	mobilier	NOUN
,	,	PUNCTclause
les	le	DET
équipages	équipage	NOUN
;	;	PUNCTclause
aura	avoir	VERB
toujours	toujours	ADV
dans	dans	ADP
le	le	DET
tiroir	tiroir	NOUN
consacré	consacrer	VERB
au	au	ADP_DET
bien-aimé	bien-aimé	NOUN
une	un	DET
somme	somme	NOUN
toute	tout	ADJ
prête	prêt	ADJ
.	.	PUNCTsent
hé	hé	INTJ
!	!	PUNCTsent
bien	bien	ADV
,	,	PUNCTclause
dans	dans	ADP
les	le	DET
circonstances	circonstance	NOUN
actuelles	actuel	ADJ
,	,	PUNCTclause
le	le	DET
tiroir	tiroir	NOUN
sera	être	AUX
très-souvent	très-souvent	ADV
vide	vide	ADJ
,	,	PUNCTclause
et	et	CCONJ
monsieur	monsieur	NOUN
dépensera	dépenser	VERB
beaucoup	beaucoup	ADV
trop	trop	ADV
.	.	PUNCTsent
Les	le	DET
économies	économie	NOUN
ordonnées	ordonner	VERB
par	par	ADP
la	le	DET
Chambre	Chambre	NOUN
ne	ne	ADV
frappent	frapper	VERB
jamais	jamais	ADV
que	que	SCONJ
sur	sur	ADP
les	le	DET
commis	commis	NOUN
à	à	ADP
douze	douze	NUM
cents	cents	NUM
francs	franc	NOUN
;	;	PUNCTclause
or	or	NOUN
,	,	PUNCTclause
vous	vous	PRON
serez	être	AUX
le	le	DET
commis	commis	NOUN
à	à	ADP
douze	douze	NUM
cents	cents	NUM
francs	franc	NOUN
de	de	ADP
votre	votre	DET
ménage	ménage	NOUN
.	.	PUNCTsent
Vous	vous	PRON
en	en	ADP
rirez	rire	VERB
,	,	PUNCTclause
puisque	puisque	SCONJ
vous	vous	PRON
aurez	avoir	VERB
amassé	amasser	VERB
,	,	PUNCTclause
capitalisé	capitaliser	VERB
,	,	PUNCTclause
géré	gérer	VERB
,	,	PUNCTclause
le	le	DET
tiers	tiers	NOUN
de	de	ADP
votre	votre	DET
fortune	fortune	NOUN
pendant	pendant	ADP
longtemps	longtemps	ADV
;	;	PUNCTclause
semblable	semblable	ADJ
à	à	ADP
Louis	Louis	PROPN
		TOKEN
qui	qui	PRON
se	se	PRON
était	être	AUX
fait	faire	VERB
un	un	DET
petit	petit	ADJ
trésor	trésor	NOUN
à part	à part	ADP
,	,	PUNCTclause
en	en	ADP
cas	cas	NOUN
de	de	ADP
malheur	malheur	NOUN
,	,	PUNCTclause
disait	dire	VERB
il	il	PRON
.	.	PUNCTsent
↵↵	↵↵	PUNCTstruct
Ainsi	ainsi	ADV
votre	votre	DET
femme	femme	NOUN
parle	parler	VERB
elle	elle	PRON
de	de	ADP
économie	économie	NOUN
,	,	PUNCTclause
ses	son	DET
discours	discours	NOUN
équivaudront	équivaloir	VERB
aux	au	ADP_DET
variations	variation	NOUN
de	de	ADP
la	le	DET
cote	cote	NOUN
bursale	bursale	ADJ
.	.	PUNCTsent
Vous	vous	PRON
pourrez	pouvoir	VERB
deviner	deviner	VERB
tous	tout	ADJ
les	le	DET
progrès	progrès	NOUN
de	de	ADP
l'	le	DET
amant	amant	NOUN
par	par	ADP
les	le	DET
fluctuations	fluctuation	NOUN
financières	financier	ADJ
,	,	PUNCTclause
et	et	CCONJ
vous	vous	PRON
aurez	avoir	VERB
tout	tout	ADV
concilié	concilier	VERB
:	:	PUNCTclause
E	E	PROPN
sempre	sempre	X
bene	bene	X
.	.	PUNCTsent
↵↵	↵↵	PUNCTstruct
Si	si	SCONJ
,	,	PUNCTclause
ne	ne	ADV
appréciant	apprécier	VERB
pas	pas	ADV
cet	ce	DET
excès	excès	NOUN
de	de	ADP
confiance	confiance	NOUN
,	,	PUNCTclause
votre	votre	DET
femme	femme	NOUN
dissipait	dissiper	VERB
un	un	DET
jour	jour	NOUN
une	un	DET
forte	fort	ADJ
partie	partie	NOUN
de	de	ADP
la	le	DET
fortune	fortune	NOUN
,	,	PUNCTclause
d'abord	d'abord	ADV
,	,	PUNCTclause
il	il	PRON
serait	être	AUX
difficile	difficile	ADJ
que	que	SCONJ
cette	ce	DET
prodigalité	prodigalité	NOUN
atteignît	atteindre	VERB
au	au	ADP_DET
tiers	tiers	NOUN
des	un	ADP_DET
revenus	revenu	NOUN
gardés	garder	VERB
par	par	ADP
vous	vous	PRON
depuis	depuis	ADP
dix	dix	NUM
ans	an	NOUN
;	;	PUNCTclause
mais	mais	CCONJ
ensuite	ensuite	ADV
,	,	PUNCTclause
la	le	DET
Méditation	Méditation	PROPN
sur	sur	ADP
les	le	DET
Péripéties	Péripéties	PROPN
vous	vous	PRON
apprendra	apprendre	VERB
que	que	SCONJ
il y a	il y a	VERB
dans	dans	ADP
la	le	DET
crise	crise	NOUN
même	même	ADJ
amenée	amener	VERB
par	par	ADP
les	le	DET
folies	folie	NOUN
de	de	ADP
votre	votre	DET
femme	femme	NOUN
de	de	ADP
immenses	immense	ADJ
ressources	ressource	NOUN
pour	pour	ADP
tuer	tuer	VERB
le	le	DET
Minotaure	Minotaure	PROPN
.	.	PUNCTsent
↵↵	↵↵	PUNCTstruct
Enfin	enfin	ADV
le	le	DET
secret	secret	NOUN
du	du	ADP_DET
trésor	trésor	NOUN
entassé	entasser	VERB
par	par	ADP
vos	vos	DET
soins	soin	NOUN
ne	ne	ADV
doit	devoir	VERB
être	être	AUX
connu	connaître	VERB
que	que	SCONJ
à	à	ADP
votre	votre	DET
mort	mort	NOUN
;	;	PUNCTclause
et	et	CCONJ
si	si	SCONJ
vous	vous	PRON
aviez	avoir	VERB
besoin	besoin	NOUN
de	de	ADP
y	y	PRON
puiser	puiser	VERB
pour	pour	ADP
venir	venir	VERB
au	au	ADP_DET
secours	secours	NOUN
de	de	ADP
votre	votre	DET
femme	femme	NOUN
,	,	PUNCTclause
vous	vous	PRON
serez	être	AUX
censé	censé	ADJ
toujours	toujours	ADV
avoir	avoir	AUX
joué	jouer	VERB
avec	avec	ADP
bonheur	bonheur	NOUN
,	,	PUNCTclause
ou	ou	CCONJ
avoir	avoir	AUX
emprunté	emprunter	VERB
à	à	ADP
un	un	DET
ami	ami	NOUN
.	.	PUNCTsent
↵↵	↵↵	PUNCTstruct
Tels	tel	PRON
sont	être	AUX
les	le	DET
vrais	vrai	ADJ
principes	principe	NOUN
en fait de	en fait de	ADP
budget	budget	NOUN
conjugal.	conjugal.	PUNCT
_______	_______	PUNCT
La	le	DET
police	police	NOUN
conjugale	conjugal	ADJ
a	avoir	AUX
son	son	DET
martyrologe	martyrologe	NOUN
.	.	PUNCTsent
Nous	nous	PRON
ne	ne	ADV
citerons	citer	VERB
que	que	ADV
un	un	DET
seul	seul	ADJ
fait	fait	NOUN
,	,	PUNCTclause
parce que	parce que	SCONJ
il	il	PRON
pourra	pouvoir	VERB
faire	faire	AUX
comprendre	comprendre	VERB
la	le	DET
nécessité	nécessité	NOUN
où	où	PRON
sont	être	AUX
les	le	DET
maris	mari	NOUN
qui	qui	PRON
prennent	prendre	VERB
des	un	DET
mesures	mesure	NOUN
si	si	ADV
acerbes	acerbe	ADJ
de	de	ADP
veiller	veiller	VERB
sur	sur	ADP
eux-mêmes	eux-mêmes	PRON
autant	autant	ADV
que	que	SCONJ
sur	sur	ADP
leurs	leur	DET
femmes	femme	NOUN
.	.	PUNCTsent
↵↵	↵↵	PUNCTstruct
Un	un	DET
vieil	vieux	ADJ
avare	avare	NOUN
,	,	PUNCTclause
demeurant	demeurer	VERB
à	à	ADP
T	T	PROPN
…	…	PUNCTsent
,	,	PUNCTclause
ville	ville	NOUN
de	de	ADP
plaisir	plaisir	NOUN
,	,	PUNCTclause
si	si	SCONJ
jamais	jamais	ADV
il	il	PRON
en	en	PRON
fut	être	AUX
,	,	PUNCTclause
avait	avoir	AUX
épousé	épouser	VERB
une	un	DET
jeune	jeune	ADJ
et	et	CCONJ
jolie	joli	ADJ
femme	femme	NOUN
;	;	PUNCTclause
et	et	CCONJ
il	il	PRON
en	en	PRON
était	être	AUX
tellement	tellement	ADV
épris	éprendre	VERB
et	et	CCONJ
jaloux	jaloux	ADJ
que	que	SCONJ
l'	le	DET
amour	amour	NOUN
triompha	triompher	VERB
de	de	ADP
l'	le	DET
usure	usure	NOUN
;	;	PUNCTclause
car	car	CCONJ
il	il	PRON
quitta	quitter	VERB
le	le	DET
commerce	commerce	NOUN
pour	pour	ADP
pouvoir	pouvoir	VERB
mieux	mieux	ADV
garder	garder	VERB
sa	son	DET
femme	femme	NOUN
,	,	PUNCTclause
ne	ne	ADV
faisant	faire	VERB
ainsi	ainsi	ADV
que	que	SCONJ
changer	changer	VERB
de	de	ADP
avarice	avarice	NOUN
.	.	PUNCTsent
je	je	PRON
avoue	avouer	VERB
que	que	SCONJ
je	je	PRON
dois	devoir	VERB
la	le	DET
plus	plus	ADV
grande	grand	ADJ
partie	partie	NOUN
des	un	ADP_DET
observations	observation	NOUN
contenues	contenir	VERB
dans	dans	ADP
cet	ce	DET
essai	essai	NOUN
,	,	PUNCTclause
sans doute	sans doute	ADV
imparfait	imparfait	ADJ
encore	encore	ADV
,	,	PUNCTclause
à	à	ADP
la	le	DET
personne	personne	NOUN
qui	qui	PRON
a	avoir	AUX
pu	pouvoir	VERB
jadis	jadis	ADV
étudier	étudier	VERB
cet	ce	DET
admirable	admirable	ADJ
phénomène	phénomène	NOUN
conjugal	conjugal	ADJ
;	;	PUNCTclause
et	et	CCONJ
,	,	PUNCTclause
pour	pour	ADP
le	le	DET
peindre	peindre	VERB
,	,	PUNCTclause
il	il	PRON
suffira	suffire	VERB
de	de	ADP
un	un	DET
seul	seul	ADJ
trait	trait	NOUN
.	.	PUNCTsent
Quand	quand	SCONJ
il	il	PRON
allait	aller	VERB
à	à	ADP
la	le	DET
campagne	campagne	NOUN
,	,	PUNCTclause
ce	ce	DET
mari	mari	NOUN
ne	ne	ADV
se	se	PRON
couchait	coucher	VERB
jamais	jamais	ADV
sans	sans	ADP
avoir	avoir	AUX
secrètement	secrètement	ADV
ratissé	ratisser	VERB
les	le	DET
allées	allée	NOUN
de	de	ADP
son	son	DET
parc	parc	NOUN
dans	dans	ADP
un	un	DET
sens	sens	NOUN
mystérieux	mystérieux	ADJ
,	,	PUNCTclause
et	et	CCONJ
il	il	PRON
avait	avoir	AUX
un	un	DET
râteau	râteau	NOUN
particulier	particulier	ADJ
pour	pour	ADP
le	le	DET
sable	sable	NOUN
de	de	ADP
ses	son	DET
terrasses	terrasse	NOUN
.	.	PUNCTsent
Il	il	PRON
avait	avoir	AUX
fait	faire	VERB
une	un	DET
étude	étude	NOUN
particulière	particulier	ADJ
des	un	ADP_DET
vestiges	vestige	NOUN
laissés	laisser	VERB
par	par	ADP
les	le	DET
pieds	pied	NOUN
des	un	ADP_DET
différentes	différent	ADJ
personnes	personne	NOUN
de	de	ADP
sa	son	DET
maison	maison	NOUN
;	;	PUNCTclause
et	et	CCONJ
dès	dès	ADP
le	le	DET
matin	matin	NOUN
,	,	PUNCTclause
il	il	PRON
en	en	PRON
allait	aller	VERB
reconnaître	reconnaître	VERB
les	le	DET
empreintes	empreinte	NOUN
.	.	PUNCTsent
—	—	PUNCTclause
Tout	tout	ADJ
ceci	ceci	PRON
est	être	AUX
de	de	ADP
haute	haut	ADJ
futaie	futaie	NOUN
,	,	PUNCTclause
disait	dire	VERB
il	il	PRON
à	à	ADP
la	le	DET
personne	personne	NOUN
dont	dont	PRON
je	je	PRON
ai	avoir	AUX
parlé	parler	VERB
,	,	PUNCTclause
en	en	ADP
lui	lui	PRON
montrant	montrer	VERB
son	son	DET
parc	parc	NOUN
,	,	PUNCTclause
car	car	CCONJ
on	on	PRON
ne	ne	ADV
voit	voir	VERB
rien	rien	PRON
dans	dans	ADP
les	le	DET
taillis	taillis	NOUN
…	…	PUNCTsent
Sa	son	DET
femme	femme	NOUN
aimait	aimer	VERB
un	un	PRON
des	un	ADP_DET
plus	plus	ADV
charmants	charmant	ADJ
jeunes	jeune	ADJ
gens	gens	NOUN
de	de	ADP
la	le	DET
ville	ville	NOUN
.	.	PUNCTsent
Depuis	depuis	ADP
neuf	neuf	NUM
ans	an	NOUN
cette	ce	DET
passion	passion	NOUN
vivait	vivre	VERB
,	,	PUNCTclause
brillante	brillant	ADJ
et	et	CCONJ
féconde	fécond	ADJ
,	,	PUNCTclause
au	au	ADP_DET
cœur	cœur	NOUN
des	un	ADP_DET
deux	deux	NUM
amants	amant	NOUN
qui	qui	PRON
se	se	PRON
étaient	être	AUX
devinés	deviner	VERB
de	de	ADP
un	un	DET
seul	seul	ADJ
regard	regard	NOUN
,	,	PUNCTclause
au milieu de	au milieu de	ADP
un	un	DET
bal	bal	NOUN
;	;	PUNCTclause
et	et	CCONJ
,	,	PUNCTclause
en	en	ADP
dansant	danser	VERB
,	,	PUNCTclause
leurs	leur	DET
doigts	doigt	NOUN
tremblants	tremblant	ADJ
leur	leur	DET
avaient	avoir	AUX
révélé	révéler	VERB
,	,	PUNCTclause
à travers	à travers	ADP
la	le	DET
peau	peau	NOUN
parfumée	parfumer	VERB
de	de	ADP
leurs	leur	DET
gants	gant	NOUN
,	,	PUNCTclause
l'	le	DET
étendue	étendue	NOUN
de	de	ADP
leur	leur	DET
amour	amour	NOUN
.	.	PUNCTsent
Depuis	depuis	ADP
ce	ce	DET
jour	jour	NOUN
,	,	PUNCTclause
ils	ils	PRON
avaient	avoir	AUX
trouvé	trouver	VERB
l'un	l'un	PRON
et	et	CCONJ
l'autre	l'autre	PRON
de	de	ADP
immenses	immense	ADJ
ressources	ressource	NOUN
dans	dans	ADP
les	le	DET
riens	rien	NOUN
dédaignés	dédaigner	VERB
par	par	ADP
les	le	DET
amants	amant	NOUN
heureux	heureux	ADJ
.	.	PUNCTsent
Un	un	DET
jour	jour	NOUN
le	le	DET
jeune	jeune	ADJ
homme	homme	NOUN
amena	amener	VERB
son	son	DET
seul	seul	ADJ
confident	confident	NOUN
de	de	ADP
un	un	DET
air	air	NOUN
mystérieux	mystérieux	ADJ
dans	dans	ADP
un	un	DET
boudoir	boudoir	NOUN
où	où	PRON
,	,	PUNCTclause
sur	sur	ADP
une	un	DET
table	table	NOUN
et	et	CCONJ
sous	sous	ADP
des	un	DET
globes	globe	NOUN
de	de	ADP
verre	verre	NOUN
,	,	PUNCTclause
il	il	PRON
conservait	conserver	VERB
,	,	PUNCTclause
avec	avec	ADP
plus	plus	ADV
de	de	ADP
soin	soin	NOUN
que	que	SCONJ
il	il	PRON
ne	ne	ADV
en	en	PRON
aurait	avoir	AUX
eu	avoir	VERB
pour	pour	ADP
les	le	DET
plus	plus	ADV
belles	beau	ADJ
pierreries	pierreries	NOUN
du	du	ADP_DET
monde	monde	NOUN
,	,	PUNCTclause
des	un	DET
fleurs	fleur	NOUN
tombées	tomber	VERB
de	de	ADP
la	le	DET
coiffure	coiffure	NOUN
de	de	ADP
sa	son	DET
maîtresse	maître	NOUN
,	,	PUNCTclause
grâce à	grâce à	ADP
l'	le	DET
emportement	emportement	NOUN
de	de	ADP
la	le	DET
danse	danse	NOUN
,	,	PUNCTclause
des	un	DET
brimborions	brimborion	NOUN
arrachés	arracher	VERB
à	à	ADP
des	un	DET
arbres	arbre	NOUN
que	que	PRON
elle	elle	PRON
avait	avoir	AUX
touchés	toucher	VERB
dans	dans	ADP
son	son	DET
parc	parc	NOUN
.	.	PUNCTsent
il y a	il y a	VERB
là	là	ADV
jusque	jusque	ADP
à	à	ADP
l'	le	DET
étroite	étroit	ADJ
empreinte	empreinte	NOUN
laissée	laisser	VERB
sur	sur	ADP
une	un	DET
terre	terre	NOUN
argileuse	argileux	ADJ
par	par	ADP
le	le	DET
pied	pied	NOUN
de	de	ADP
cette	ce	DET
femme	femme	NOUN
.	.	PUNCTsent
—	—	PUNCTclause
je	je	PRON
entendais	entendre	VERB
,	,	PUNCTclause
me	me	PRON
dit	dire	VERB
plus tard	plus tard	ADV
ce	ce	DET
confident	confident	NOUN
,	,	PUNCTclause
les	le	DET
fortes	fort	ADJ
et	et	CCONJ
sourdes	sourd	ADJ
palpitations	palpitation	NOUN
de	de	ADP
son	son	DET
cœur	cœur	NOUN
sonner	sonner	VERB
au	au	ADP_DET
milieu	milieu	NOUN
du	du	ADP_DET
silence	silence	NOUN
que	que	SCONJ
nous	nous	PRON
gardâmes	garder	VERB
devant	devant	ADP
les	le	DET
richesses	richesse	NOUN
de	de	ADP
ce	ce	DET
musée	musée	NOUN
de	de	ADP
amour	amour	NOUN
.	.	PUNCTsent
Je	je	PRON
levai	lever	VERB
les	le	DET
yeux	œil	NOUN
au	au	ADP_DET
plafond	plafond	NOUN
comme	comme	SCONJ
pour	pour	ADP
confier	confier	VERB
au	au	ADP_DET
ciel	ciel	NOUN
un	un	DET
sentiment	sentiment	NOUN
que	que	SCONJ
je	je	PRON
ne	ne	ADV
osais	oser	VERB
exprimer	exprimer	VERB
.	.	PUNCTsent
—	—	PUNCTclause
Pauvre	pauvre	NOUN
humanité	humanité	NOUN
!…	!…	PUNCTsent
pensais	penser	VERB
je	je	PRON
…	…	PUNCTsent
—	—	PUNCTclause
Madame	madame	NOUN
de	de	DET
…	…	PUNCTsent
me	me	PRON
a	avoir	AUX
dit	dire	VERB
que	que	SCONJ
un	un	DET
soir	soir	NOUN
,	,	PUNCTclause
au	au	ADP_DET
bal	bal	NOUN
,	,	PUNCTclause
on	on	PRON
vous	vous	PRON
avait	avoir	AUX
trouvé	trouver	VERB
presque	presque	ADV
évanoui	évanouir	VERB
dans	dans	ADP
son	son	DET
salon	salon	NOUN
de	de	ADP
jeu	jeu	NOUN
?…	?…	PUNCTsent
lui	lui	PRON
demandai	demander	VERB
je	je	PRON
.	.	PUNCTsent
—	—	PUNCTclause
Je	je	PRON
crois	croire	VERB
bien	bien	ADV
,	,	PUNCTclause
dit	dire	VERB
il	il	PRON
en	en	PRON
voilant	voiler	VERB
le	le	DET
feu	feu	NOUN
de	de	ADP
son	son	DET
regard	regard	NOUN
;	;	PUNCTclause
je	je	PRON
lui	lui	PRON
avais	avoir	AUX
baisé	baiser	VERB
le	le	DET
bras	bras	NOUN
!…	!…	PUNCTsent
—	—	PUNCTclause
Mais	mais	CCONJ
,	,	PUNCTclause
ajouta	ajouter	VERB
il	il	PRON
en	en	PRON
me	me	PRON
serrant	serrer	VERB
la	le	DET
main	main	NOUN
et	et	CCONJ
me	me	PRON
lançant	lancer	VERB
un	un	PRON
de	de	ADP
ces	ce	DET
regards	regard	NOUN
qui	qui	PRON
semblent	sembler	VERB
presser	presser	VERB
le	le	DET
cœur	cœur	NOUN
,	,	PUNCTclause
son	son	DET
mari	mari	NOUN
a	avoir	VERB
dans	dans	ADP
ce	ce	DET
moment	moment	NOUN
la	le	DET
goutte	goutte	NOUN
bien	bien	ADV
près de	près de	ADP
l'	le	DET
estomac	estomac	NOUN
…	…	PUNCTsent
Quelque	quelque	DET
temps	temps	NOUN
après	après	ADV
,	,	PUNCTclause
le	le	DET
vieil	vieux	ADJ
avare	avare	NOUN
revint	revenir	VERB
à	à	ADP
la	le	DET
vie	vie	NOUN
,	,	PUNCTclause
et	et	CCONJ
parut	paraître	VERB
avoir	avoir	AUX
fait	faire	AUX
un	un	DET
nouveau	nouveau	ADJ
bail	bail	NOUN
;	;	PUNCTclause
mais	mais	CCONJ
,	,	PUNCTclause
au milieu de	au milieu de	ADP
sa	son	DET
convalescence	convalescence	NOUN
,	,	PUNCTclause
il	il	PRON
se	se	PRON
mit	mettre	VERB
au	au	ADP_DET
lit	lit	NOUN
un	un	DET
matin	matin	NOUN
,	,	PUNCTclause
et	et	CCONJ
mourut	mourir	VERB
subitement	subitement	ADV
.	.	PUNCTsent
Des	un	ADP_DET
symptômes	symptôme	NOUN
de	de	ADP
poison	poison	NOUN
éclatèrent	éclater	VERB
si	si	SCONJ
violemment	violemment	ADV
sur	sur	ADP
le	le	DET
corps	corps	NOUN
du	du	ADP_DET
défunt	défunt	NOUN
,	,	PUNCTclause
que	que	SCONJ
la	le	DET
justice	justice	NOUN
informa	informer	VERB
,	,	PUNCTclause
et	et	CCONJ
les	le	DET
deux	deux	NUM
amants	amant	NOUN
furent	être	AUX
arrêtés	arrêter	VERB
.	.	PUNCTsent
Alors	alors	ADV
il	il	PRON
se	se	PRON
passa	passer	VERB
,	,	PUNCTclause
devant	devant	ADP
la	le	DET
cour d'assises	cour d'assises	NOUN
,	,	PUNCTclause
la	le	DET
scène	scène	NOUN
la	le	DET
plus	plus	ADV
déchirante	déchirant	ADJ
qui	qui	PRON
jamais	jamais	ADV
ait	avoir	AUX
remué	remuer	VERB
le	le	DET
cœur	cœur	NOUN
de	de	ADP
un	un	DET
jury	jury	NOUN
.	.	PUNCTsent
Dans	dans	ADP
l'	le	DET
instruction	instruction	NOUN
du	du	ADP_DET
procès	procès	NOUN
,	,	PUNCTclause
chacun	chacun	PRON
des	un	ADP_DET
deux	deux	NUM
amants	amant	NOUN
avait	avoir	AUX
sans	sans	ADP
détour	détour	NOUN
avoué	avouer	VERB
le	le	DET
crime	crime	NOUN
,	,	PUNCTclause
et	et	CCONJ
,	,	PUNCTclause
par	par	ADP
une	un	DET
même	même	ADJ
pensée	pensée	NOUN
,	,	PUNCTclause
se	se	PRON
en	en	ADP
était	être	AUX
seul	seul	ADJ
chargé	charger	VERB
,	,	PUNCTclause
pour	pour	ADP
sauver	sauver	VERB
,	,	PUNCTclause
l'une	l'une	PRON
son	son	DET
amant	amant	NOUN
,	,	PUNCTclause
l'autre	l'autre	PRON
sa	son	DET
maîtresse	maître	NOUN
.	.	PUNCTsent
Il	il	PRON
se	se	PRON
trouva	trouver	VERB
deux	deux	NUM
coupables	coupable	NOUN
là	là	ADV
où	où	PRON
la	le	DET
justice	justice	NOUN
ne	ne	ADV
en	en	PRON
cherchait	chercher	VERB
que	que	SCONJ
un	un	DET
seul	seul	ADJ
.	.	PUNCTsent
Les	le	DET
débats	débat	NOUN
ne	ne	ADV
furent	être	AUX
que	que	ADV
des	un	DET
démentis	démenti	NOUN
que	que	SCONJ
ils	ils	PRON
se	se	PRON
donnèrent	donner	VERB
l'un	l'un	PRON
à	à	ADP
l'autre	l'autre	PRON
avec	avec	ADP
toute	tout	ADJ
la	le	DET
fureur	fureur	NOUN
du	du	ADP_DET
dévouement	dévouement	NOUN
de	de	ADP
l'	le	DET
amour	amour	NOUN
.	.	PUNCTsent
Ils	ils	PRON
étaient	être	AUX
réunis	réunir	VERB
pour	pour	ADP
la première fois	la première fois	ADV
,	,	PUNCTclause
mais	mais	CCONJ
sur	sur	ADP
le	le	DET
banc	banc	NOUN
des	un	ADP_DET
criminels	criminel	NOUN
,	,	PUNCTclause
et	et	CCONJ
séparés	séparer	VERB
par	par	ADP
un	un	DET
gendarme	gendarme	NOUN
.	.	PUNCTsent
Ils	ils	PRON
furent	être	AUX
condamnés	condamner	VERB
à	à	ADP
l'	le	DET
unanimité	unanimité	NOUN
par	par	ADP
des	un	DET
jurés	juré	NOUN
en	en	ADP
pleurs	pleur	NOUN
.	.	PUNCTsent
Personne	personne:PRON	PRON
,	,	PUNCTclause
parmi	parmi	ADP
ceux	ceux	PRON
qui	qui	PRON
eurent	avoir	VERB
le	le	DET
courage	courage	NOUN
barbare	barbare	ADJ
de	de	ADP
les	le	DET
voir	voir	AUX
conduire	conduire	VERB
à	à	ADP
l'	le	DET
échafaud	échafaud	NOUN
,	,	PUNCTclause
ne	ne	ADV
peut	pouvoir	VERB
aujourd'hui	aujourd'hui	ADV
parler	parler	VERB
de	de	ADP
eux	eux	PRON
sans	sans	ADP
frissonner	frissonner	VERB
.	.	PUNCTsent
La	le	DET
religion	religion	NOUN
leur	leur	PRON
avait	avoir	AUX
arraché	arracher	VERB
le	le	DET
repentir	repentir	NOUN
du	du	ADP_DET
crime	crime	NOUN
,	,	PUNCTclause
mais	mais	CCONJ
non	non	ADV
l'	le	DET
abjuration	abjuration	NOUN
de	de	ADP
leur	leur	DET
amour	amour	NOUN
.	.	PUNCTsent
l'	le	DET
échafaud	échafaud	NOUN
fut	être	AUX
leur	leur	DET
lit	lit	NOUN
nuptial	nuptial	ADJ
,	,	PUNCTclause
et	et	CCONJ
ils	ils	PRON
se	se	PRON
y	y	PRON
couchèrent	coucher	VERB
ensemble	ensemble	ADV
dans	dans	ADP
la	le	DET
longue	long	ADJ
nuit	nuit	NOUN
de	de	ADP
la	le	DET
mort	mort	NOUN
.	.	PUNCTsent
