# columns = TERM LEMMA POS
# identifier = sand1860a-16
# creator = Sand, George
# created = 1860
# isPartOf = Constance Verrier
# title = XV

↵↵↵	↵↵↵	PUNCTstruct
		TOKEN
.	.	PUNCTsent
↵↵	↵↵	PUNCTstruct
Constance	constance	NOUN
fut	être	AUX
en	en	ADP
grave	grave	ADJ
danger	danger	NOUN
pendant	pendant	ADP
trois	trois	NUM
jours	jour	NOUN
,	,	PUNCTclause
après	après	ADP
quoi	quoi	PRON
le	le:PRON	PRON
médecin	médecin	NOUN
la	le	DET
regarda	regarder	VERB
comme	comme	ADP
sauvée	sauver	VERB
,	,	PUNCTclause
mais	mais	CCONJ
non	non	ADV
pas	pas	ADV
quitte	quitte	ADJ
de	de	ADP
une	un	DET
altération	altération	NOUN
sensible	sensible	ADJ
dans	dans	ADP
sa	son	DET
santé	santé	NOUN
,	,	PUNCTclause
laquelle	laquelle	PRON
,	,	PUNCTclause
pendant	pendant	ADP
assez	assez	ADV
longtemps	longtemps	ADV
,	,	PUNCTclause
devait	devoir	VERB
exiger	exiger	VERB
de	de	ADP
grands	grand	ADJ
soins	soin	NOUN
.	.	PUNCTsent
Il	il	PRON
se	se	PRON
entretint	entretenir	VERB
en particulier	en particulier	ADV
avec	avec	ADP
la	le	DET
tante	tante	NOUN
,	,	PUNCTclause
qui	qui	PRON
lui	lui	PRON
avait	avoir	AUX
fait	faire	VERB
pressentir	pressentir	VERB
une	un	DET
cause	cause	NOUN
morale	moral	ADJ
dans	dans	ADP
l'	le	DET
abattement	abattement	NOUN
physique	physique	ADJ
de	de	ADP
sa	son	DET
nièce	nièce	NOUN
,	,	PUNCTclause
et	et	CCONJ
à	à	ADP
laquelle	laquelle	PRON
il	il	PRON
recommanda	recommander	VERB
de	de	ADP
éviter	éviter	VERB
,	,	PUNCTclause
autant	autant	ADV
que	que	SCONJ
possible	possible	ADJ
,	,	PUNCTclause
les	le:PRON	PRON
émotions	émotion	NOUN
quelconques	quelconque	ADJ
qui	qui	PRON
pourraient	pouvoir	VERB
la	le	DET
menacer	menacer	VERB
.	.	PUNCTsent
↵↵	↵↵	PUNCTstruct
Quand	quand	SCONJ
le	le	DET
mot	mot	NOUN
sauvée	sauver	VERB
eut	avoir	AUX
été	être	AUX
prononcé	prononcer	VERB
,	,	PUNCTclause
il y a	il y a	VERB
,	,	PUNCTclause
chez	chez	ADP
toutes	tout	ADJ
les	le	DET
personnes	personne	NOUN
qui	qui	PRON
avaient	avoir	VERB
soigné	soigner	VERB
Constance	Constance	PROPN
,	,	PUNCTclause
une	un	DET
sorte	sorte	NOUN
de	de	ADP
anéantissement	anéantissement	NOUN
de	de	ADP
fatigue	fatigue	NOUN
.	.	PUNCTsent
On	on	PRON
se	se	PRON
aperçut	apercevoir	VERB
que	que	SCONJ
on	on	PRON
était	être	AUX
brisé	briser	VERB
,	,	PUNCTclause
et	et	CCONJ
Raoul	Raoul	PROPN
lui-même	lui-même	PRON
dormit	dormir	VERB
profondément	profondément	ADV
.	.	PUNCTsent
Cependant	cependant	ADV
,	,	PUNCTclause
personne	personne:PRON	PRON
ne	ne	ADV
sut	savoir	VERB
si	si	ADV
mademoiselle	mademoiselle	NOUN
Cécile	Cécile	PROPN
Verrier	Verrier	PROPN
avait	avoir	AUX
réellement	réellement	ADV
dormi	dormir	VERB
.	.	PUNCTsent
On	on	PRON
la	le	DET
retrouva	retrouver	VERB
droite	droite	NOUN
et	et	CCONJ
les	le	DET
yeux	œil	NOUN
fermés	fermer	VERB
,	,	PUNCTclause
sur	sur	ADP
le	le	DET
fauteuil	fauteuil	NOUN
où	où	PRON
,	,	PUNCTclause
la	le	DET
veille	veille	NOUN
,	,	PUNCTclause
on	on	PRON
l'	le:PRON	PRON
avait	avoir	AUX
laissée	laisser	VERB
dans	dans	ADP
la	le	DET
même	même	ADJ
pose	pose	NOUN
,	,	PUNCTclause
les	le	DET
yeux	œil	NOUN
ouverts	ouvrir	VERB
.	.	PUNCTsent
Constance	constance	NOUN
paraissait	paraître	VERB
bien	bien	ADV
reposée	reposer	VERB
et	et	CCONJ
heureuse	heureux	ADJ
de	de	ADP
la	le	DET
joie	joie	NOUN
de	de	ADP
ses	son	DET
amies	ami	NOUN
.	.	PUNCTsent
↵↵	↵↵	PUNCTstruct
Mais	mais	CCONJ
quand	quand	SCONJ
Raoul	Raoul	PROPN
demanda	demander	VERB
à	à	ADP
la	le	DET
voir	voir	VERB
,	,	PUNCTclause
Cécile	Cécile	PROPN
se	se	PRON
leva	lever	VERB
et	et	CCONJ
lui	lui	PRON
dit	dire	VERB
bas	bas	ADJ
,	,	PUNCTclause
à	à	ADP
la	le	DET
porte	porte	NOUN
du	du	ADP_DET
salon	salon	NOUN
:	:	PUNCTclause
Pas	Pas	PROPN
encore	encore	ADV
!	!	PUNCTsent
Sa	son	DET
figure	figure	NOUN
grave	grave	ADJ
ne	ne	ADV
ajoutait	ajouter	VERB
aucun	aucun	DET
commentaire	commentaire	NOUN
à	à	ADP
cette	ce	DET
sentence	sentence	NOUN
,	,	PUNCTclause
et	et	CCONJ
,	,	PUNCTclause
sans	sans	ADP
attendre	attendre	VERB
aucune	aucun	DET
question	question	NOUN
,	,	PUNCTclause
elle	elle	PRON
referma	refermer	VERB
la	le	DET
porte	porte	NOUN
.	.	PUNCTsent
↵↵	↵↵	PUNCTstruct
Constance	constance	NOUN
demanda	demander	VERB
à	à	ADP
être	être	AUX
soulevée	soulever	VERB
sur	sur	ADP
ses	son	DET
coussins	coussin	NOUN
,	,	PUNCTclause
et	et	CCONJ
prit	prendre	VERB
la	le	DET
main	main	NOUN
de	de	ADP
la	le	DET
Mozzelli	Mozzelli	PROPN
,	,	PUNCTclause
en	en	ADP
lui	lui	PRON
disant	dire	VERB
:	:	PUNCTclause
↵↵	↵↵	PUNCTstruct
—	—	PUNCTclause
je	je	PRON
ai	avoir	AUX
bien	bien	ADV
des	un	DET
choses	chose	NOUN
à	à	ADP
vous	vous	PRON
dire	dire	VERB
,	,	PUNCTclause
mais	mais	CCONJ
je	je	PRON
suis	être	AUX
encore	encore	ADV
si	si	ADV
faible	faible	ADJ
!	!	PUNCTsent
Ma	mon	DET
tante	tante	NOUN
sait	savoir	VERB
;	;	PUNCTclause
elle	elle	PRON
va	aller	VERB
parler	parler	VERB
pour	pour	ADP
moi	moi	PRON
.	.	PUNCTsent
↵↵	↵↵	PUNCTstruct
—	—	PUNCTclause
Dois	devoir	VERB
je	je	PRON
me	me	PRON
retirer	retirer	VERB
?	?	PUNCTsent
dit	dire	VERB
la	le	DET
duchesse	duchesse	NOUN
.	.	PUNCTsent
↵↵	↵↵	PUNCTstruct
Constance	constance	NOUN
fit	faire	AUX
signe	signer	VERB
que	que	SCONJ
non	non	ADV
.	.	PUNCTsent
↵↵	↵↵	PUNCTstruct
Cécile	Cécile	PROPN
Verrier	Verrier	PROPN
prit	prendre	VERB
la	le	DET
parole	parole	NOUN
.	.	PUNCTsent
—	—	PUNCTclause
Ma	mon	DET
nièce	nièce	NOUN
se	se	PRON
est	être	AUX
rappelé	rappeler	VERB
,	,	PUNCTclause
dit	dire	VERB
elle	elle	PRON
à	à	ADP
la	le	DET
Mozzelli	Mozzelli	PROPN
tremblante	tremblant	ADJ
,	,	PUNCTclause
que	que	SCONJ
vous	vous	PRON
deviez	devoir	VERB
partir	partir	VERB
le	le	DET
lendemain	lendemain	NOUN
du	du	ADP_DET
jour	jour	NOUN
où	où	PRON
elle	elle	PRON
est	être	AUX
tombée	tomber	VERB
malade	malade	ADJ
.	.	PUNCTsent
ce	ce	PRON
est	être	AUX
à cause de	à cause de	ADP
elle	elle	PRON
que	que	SCONJ
vous	vous	PRON
êtes	être	AUX
restée	rester	VERB
;	;	PUNCTclause
elle	elle	PRON
vous	vous	PRON
en	en	PRON
remercie	remercier	VERB
de	de	ADP
tout	tout	ADJ
son	son	DET
cœur	cœur	NOUN
.	.	PUNCTsent
↵↵	↵↵	PUNCTstruct
—	—	PUNCTclause
Oui	oui	INTJ
!	!	PUNCTsent
dit	dire	VERB
Constance	Constance	PROPN
,	,	PUNCTclause
en	en	ADP
serrant	serrer	VERB
aussi	aussi	ADV
fort	fort	ADV
que	que	SCONJ
il	il	PRON
lui	lui	PRON
fut	être	AUX
possible	possible	ADJ
les	le	DET
mains	main	NOUN
de	de	ADP
la	le	DET
Mozzelli	Mozzelli	PROPN
,	,	PUNCTclause
dans	dans	ADP
lesquelles	lesquelles	PRON
la sienne	la sienne	PRON
était	être	AUX
restée	rester	VERB
.	.	PUNCTsent
↵↵	↵↵	PUNCTstruct
La	le	DET
Mozzelli	Mozzelli	PROPN
,	,	PUNCTclause
à	à	ADP
genoux	genou	NOUN
près de	près de	ADP
elle	elle	PRON
,	,	PUNCTclause
colla	coller	VERB
ses	son	DET
lèvres	lèvre	NOUN
sur	sur	ADP
cette	ce	DET
main	main	NOUN
qui	qui	PRON
pardonnait	pardonner	VERB
tout	tout	ADV
.	.	PUNCTsent
↵↵	↵↵	PUNCTstruct
—	—	PUNCTclause
à présent	à présent	ADV
,	,	PUNCTclause
reprit	reprendre	VERB
la	le	DET
vieille	vieux	ADJ
fille	fille	NOUN
de	de	ADP
un	un	DET
ton	ton	NOUN
mêlé	mêler	VERB
de	de	ADP
douceur	douceur	NOUN
et	et	CCONJ
de	de	ADP
fermeté	fermeté	NOUN
,	,	PUNCTclause
il	il	PRON
faut	falloir	VERB
vous	vous	PRON
en	en	PRON
aller	aller	VERB
.	.	PUNCTsent
On	on	PRON
vous	vous	PRON
attend	attendre	VERB
à	à	ADP
Milan	Milan	PROPN
,	,	PUNCTclause
et	et	CCONJ
vous	vous	PRON
avez	avoir	AUX
dit	dire	VERB
à	à	ADP
ma	mon	DET
nièce	nièce	NOUN
que	que	SCONJ
vous	vous	PRON
auriez	avoir	VERB
à	à	ADP
payer	payer	VERB
un	un	DET
dédit	dédit	NOUN
considérable	considérable	ADJ
si	si	SCONJ
vous	vous	PRON
ne	ne	ADV
y	y	PRON
étiez	être	AUX
pas	pas	ADV
le	le	DET
15	15	NUM
.	.	PUNCTsent
Vous	vous	PRON
ne	ne	ADV
avez	avoir	VERB
donc	donc	ADV
que	que	SCONJ
le	le	DET
temps	temps	NOUN
de	de	ADP
vous	vous	PRON
y	y	PRON
rendre	rendre	VERB
.	.	PUNCTsent
Pourquoi	pourquoi	ADV
pleurez	pleurer	VERB
vous	vous	PRON
?	?	PUNCTsent
Il	il	PRON
ne	ne	ADV
faut	falloir	VERB
pas	pas	ADV
faire	faire	VERB
pleurer	pleurer	VERB
Constance	Constance	PROPN
.	.	PUNCTsent
Elle	elle	PRON
est	être	AUX
trop	trop	ADV
faible	faible	ADJ
.	.	PUNCTsent
Constance	constance	NOUN
vous	vous	PRON
aime	aimer	VERB
:	:	PUNCTclause
elle	elle	PRON
me	me	PRON
a	avoir	AUX
bien	bien	ADV
recommandé	recommandé	ADJ
de	de	ADP
vous	vous	PRON
le	le:PRON	PRON
dire	dire	VERB
.	.	PUNCTsent
↵↵	↵↵	PUNCTstruct
—	—	PUNCTclause
Je	je	PRON
ne	ne	ADV
pleure	pleurer	VERB
que	que	ADV
de	de	ADP
joie	joie	NOUN
de	de	ADP
la	le	DET
voir	voir	VERB
guérie	guérir	VERB
,	,	PUNCTclause
dit	dire	VERB
la	le	DET
Mozzelli	Mozzelli	PROPN
en	en	ADP
se	se	PRON
efforcant	efforcant	VERB
de	de	ADP
être	être	AUX
calme	calme	ADJ
.	.	PUNCTsent
Il	il	PRON
faut	falloir	VERB
que	que	SCONJ
je	je	PRON
parte	partir	VERB
,	,	PUNCTclause
ce	ce	PRON
est	être	AUX
vrai	vrai	ADJ
;	;	PUNCTclause
mais	mais	CCONJ
,	,	PUNCTclause
dussé	devoir	VERB
je	je	PRON
payer	payer	VERB
plus	plus	ADV
que	que	SCONJ
je	je	PRON
ne	ne	ADV
possède	posséder	VERB
,	,	PUNCTclause
je	je	PRON
ne	ne	ADV
aurais	avoir	AUX
pas	pas	ADV
voulu	vouloir	VERB
quitter	quitter	VERB
Constance	Constance	PROPN
avant que	avant que	SCONJ
elle	elle	PRON
eût	avoir	AUX
eu	avoir	VERB
la	le	DET
force	force	NOUN
de	de	ADP
me	me	PRON
entendre	entendre	VERB
.	.	PUNCTsent
je	je	PRON
avais	avoir	AUX
tant de	tant de	DET
choses	chose	NOUN
à	à	ADP
lui	lui	PRON
dire	dire	VERB
,	,	PUNCTclause
moi	moi	PRON
aussi	aussi	ADV
!	!	PUNCTsent
↵↵	↵↵	PUNCTstruct
—	—	PUNCTclause
Il	il	PRON
ne	ne	ADV
faut	falloir	VERB
pas	pas	ADV
!	!	PUNCTsent
reprit	reprendre	VERB
vivement	vivement	ADV
Cécile	Cécile	PROPN
.	.	PUNCTsent
Et	et	CCONJ
,	,	PUNCTclause
d'ailleurs	d'ailleurs	ADV
,	,	PUNCTclause
je	je	PRON
sais	savoir	VERB
que	que	SCONJ
elle	elle	PRON
ne	ne	ADV
a	avoir	VERB
rien	rien	PRON
contre	contre	ADP
vous	vous	PRON
.	.	PUNCTsent
↵↵	↵↵	PUNCTstruct
Constance	constance	NOUN
fit	faire	AUX
un	un	DET
effort	effort	NOUN
pour	pour	ADP
parler	parler	VERB
:	:	PUNCTclause
↵↵	↵↵	PUNCTstruct
—	—	PUNCTclause
qu'est-ce que	qu'est-ce que	ADV
je	je	PRON
pourrais	pouvoir	VERB
donc	donc	ADV
avoir	avoir	VERB
contre	contre	ADP
elle	elle	PRON
?	?	PUNCTsent
dit	dire	VERB
elle	elle	PRON
à	à	ADP
sa	son	DET
tante	tante	NOUN
de	de	ADP
un	un	DET
air	air	NOUN
étonné	étonné	ADJ
.	.	PUNCTsent
Elle	elle	PRON
est	être	AUX
si	si	ADV
bonne	bon	ADJ
,	,	PUNCTclause
et	et	CCONJ
vous	vous	PRON
voyez	voir	VERB
,	,	PUNCTclause
elle	elle	PRON
me	me	PRON
aime	aimer	VERB
tant	tant	ADV
!	!	PUNCTsent
↵↵	↵↵	PUNCTstruct
—	—	PUNCTclause
Plus	plus	ADV
que	que	SCONJ
tout	tout	ADJ
au	au	ADP_DET
monde	monde	NOUN
!	!	PUNCTsent
se	se	PRON
écria	écrier	VERB
la	le	DET
bonne	bon	ADJ
Mozzelli	Mozzelli	PROPN
en	en	ADP
sanglotant	sanglotant	ADJ
;	;	PUNCTclause
ou	ou	CCONJ
pour	pour	ADP
mieux	mieux	ADV
dire	dire	VERB
,	,	PUNCTclause
je	je	PRON
ne	ne	ADV
aime	aimer	VERB
que	que	ADV
vous	vous	PRON
,	,	PUNCTclause
et	et	CCONJ
je	je	PRON
hais	haïr	VERB
ceux	ceux	PRON
qui	qui	PRON
vous	vous	PRON
ont	avoir	AUX
fait	faire	VERB
ou	ou	CCONJ
qui	qui	PRON
vous	vous	PRON
feront	faire	VERB
souffrir	souffrir	VERB
.	.	PUNCTsent
↵↵	↵↵	PUNCTstruct
—	—	PUNCTclause
Personne	personne	NOUN
ne	ne	ADV
me	me	PRON
a	avoir	AUX
fait	faire	VERB
souffrir	souffrir	VERB
,	,	PUNCTclause
répondit	répondre	VERB
Constance	Constance	PROPN
:	:	PUNCTclause
tout le monde	tout le monde	NOUN
a	avoir	AUX
été	être	AUX
bon	bon	ADJ
pour	pour	ADP
moi	moi	PRON
,	,	PUNCTclause
et	et	CCONJ
vous	vous	PRON
…	…	PUNCTsent
ho	ho	INTJ
!	!	PUNCTsent
je	je	PRON
ai	avoir	AUX
bien	bien	ADV
vu	voir	VERB
...	...	PUNCTsent
vous	vous	PRON
étiez	être	VERB
au	au	ADP_DET
désespoir	désespoir	NOUN
,	,	PUNCTclause
ne	ne	ADV
y	y	PRON
songez	songer	VERB
plus	plus	ADV
!	!	PUNCTsent
Me	me	PRON
voilà	voilà	ADP
bien	bien	ADV
,	,	PUNCTclause
partez	partir	VERB
et	et	CCONJ
revenez	revenir	VERB
dans	dans	ADP
deux	deux	NUM
mois	mois	NOUN
.	.	PUNCTsent
Vous	vous	PRON
l'	le:PRON	PRON
aviez	avoir	AUX
promis	promettre	VERB
!	!	PUNCTsent
↵↵	↵↵	PUNCTstruct
—	—	PUNCTclause
ha	ha	INTJ
!	!	PUNCTsent
vous	vous	PRON
restez	rester	VERB
ici	ici	ADV
,	,	PUNCTclause
et	et	CCONJ
vous	vous	PRON
souhaitez	souhaiter	VERB
me	me	PRON
revoir	revoir	VERB
?	?	PUNCTsent
dit	dire	VERB
la	le	DET
Mozzelli	Mozzelli	PROPN
,	,	PUNCTclause
de nouveau	de nouveau	ADV
tremblante	tremblant	ADJ
de	de	ADP
surprise	surprise	NOUN
.	.	PUNCTsent
↵↵	↵↵	PUNCTstruct
Constance	constance	NOUN
fit	faire	AUX
signe	signer	VERB
que	que	SCONJ
elle	elle	PRON
ne	ne	ADV
pouvait	pouvoir	VERB
parler	parler	VERB
longtemps	longtemps	ADV
.	.	PUNCTsent
La	le	DET
tante	tante	NOUN
reprit	reprendre	VERB
sur	sur	ADP
un	un	DET
signe	signe	NOUN
de	de	ADP
elle	elle	PRON
:	:	PUNCTclause
↵↵	↵↵	PUNCTstruct
—	—	PUNCTclause
Le	le:PRON	PRON
médecin	médecin	NOUN
a	avoir	AUX
conseillé	conseiller	VERB
trois	trois	NUM
mois	mois	NOUN
de	de	ADP
séjour	séjour	NOUN
ici	ici	ADV
.	.	PUNCTsent
Nous	nous	PRON
resterons	rester	VERB
.	.	PUNCTsent
Constance	constance	NOUN
se	se	PRON
rappelle	rappeler	VERB
que	que	SCONJ
vous	vous	PRON
parliez	parler	VERB
de	de	ADP
louer	louer	VERB
votre	votre	DET
maison	maison	NOUN
.	.	PUNCTsent
Elle	elle	PRON
vous	vous	PRON
demande	demander	VERB
la	le	DET
préférence	préférence	NOUN
.	.	PUNCTsent
Elle	elle	PRON
se	se	PRON
y	y	PRON
trouve	trouver	VERB
bien	bien	ADV
,	,	PUNCTclause
et	et	CCONJ
elle	elle	PRON
laissera	laisser	VERB
votre	votre	DET
chambre	chambre	NOUN
libre	libre	ADJ
,	,	PUNCTclause
afin que	afin que	SCONJ
vous	vous	PRON
puissiez	pouvoir	VERB
revenir	revenir	VERB
.	.	PUNCTsent
Pourquoi	pourquoi	ADV
ne	ne	ADV
désirerait	désirer	VERB
elle	elle	PRON
pas	pas	ADV
vous	vous	PRON
revoir	revoir	VERB
?	?	PUNCTsent
↵↵	↵↵	PUNCTstruct
La	le	DET
vieille	vieux	ADJ
fille	fille	NOUN
,	,	PUNCTclause
qui	qui	PRON
était	être	AUX
la	le	DET
sincérité	sincérité	NOUN
même	même	ADJ
,	,	PUNCTclause
dit	dire	VERB
cette	ce	DET
dernière	dernier	ADJ
parole	parole	NOUN
avec	avec	ADP
un	un	DET
effort	effort	NOUN
visible	visible	ADJ
.	.	PUNCTsent
Savait	savoir	VERB
elle	elle	PRON
la	le	DET
vérité	vérité	NOUN
?	?	PUNCTsent
Constance	constance	NOUN
elle-même	elle-même	PRON
la	le	DET
savait	savoir	VERB
elle	elle	PRON
,	,	PUNCTclause
ou	ou	CCONJ
l'	le	DET
avait	avoir	AUX
elle	elle	PRON
oubliée	oublier	VERB
?	?	PUNCTsent
Dans	dans	ADP
tous	tout	ADJ
les	le	DET
cas	cas	NOUN
,	,	PUNCTclause
la	le	DET
nièce	nièce	NOUN
aussi	aussi	ADV
bien	bien	ADV
que	que	SCONJ
la	le	DET
tante	tante	NOUN
parlaient	parler	VERB
et	et	CCONJ
agissaient	agir	VERB
comme	comme	SCONJ
si	si	SCONJ
elles	elles	PRON
l'	le:PRON	PRON
eussent	avoir	VERB
ignorée	ignorer	VERB
.	.	PUNCTsent
↵↵	↵↵	PUNCTstruct
—	—	PUNCTclause
Vous	vous	PRON
resterez	rester	VERB
chez	chez	ADP
moi	moi	PRON
,	,	PUNCTclause
c'est-à-dire	c'est-à-dire	CCONJ
chez	chez	ADP
vous	vous	PRON
,	,	PUNCTclause
répondit	répondre	VERB
la	le	DET
Mozzelli	Mozzelli	PROPN
,	,	PUNCTclause
qui	qui	PRON
crut	croire	VERB
comprendre	comprendre	VERB
la	le	DET
volonté	volonté	NOUN
de	de	ADP
Constance	Constance	PROPN
,	,	PUNCTclause
et	et	CCONJ
je	je	PRON
y	y	PRON
reviendrai	revenir	VERB
si	si	SCONJ
elle	elle	PRON
me	me	PRON
rappelle	rappeler	VERB
.	.	PUNCTsent
Mais	mais	CCONJ
si	si	SCONJ
elle	elle	PRON
me	me	PRON
ordonne	ordonner	VERB
de	de	ADP
quitter	quitter	VERB
l'	le	DET
Europe	Europe	PROPN
et	et	CCONJ
de	de	ADP
ne	ne	ADV
y	y	PRON
jamais	jamais	ADV
reparaître	reparaître	VERB
,	,	PUNCTclause
si	si	SCONJ
elle	elle	PRON
me	me	PRON
ordonnait	ordonner	VERB
même	même	ADV
de	de	ADP
mourir	mourir	VERB
…	…	PUNCTsent
je	je	PRON
lui	lui	PRON
appartiens	appartenir	VERB
,	,	PUNCTclause
et	et	CCONJ
je	je	PRON
ne	ne	ADV
obéis	obéir	VERB
que	que	ADV
à	à	ADP
une	un	DET
seule	seul	ADJ
personne	personne	NOUN
au	au	ADP_DET
monde	monde	NOUN
qui	qui	PRON
est	être	AUX
elle	elle	PRON
!	!	PUNCTsent
↵↵	↵↵	PUNCTstruct
Comme	comme	ADP
cette	ce	DET
effusion	effusion	NOUN
inquiétait	inquiéter	VERB
la	le	DET
tante	tante	NOUN
,	,	PUNCTclause
Constance	Constance	PROPN
fit	faire	AUX
un	un	DET
effort	effort	NOUN
pour	pour	ADP
la	le	DET
rassurer	rassurer	VERB
.	.	PUNCTsent
↵↵	↵↵	PUNCTstruct
—	—	PUNCTclause
Elle	elle	PRON
est	être	AUX
toujours	toujours	ADV
exaltée	exalter	VERB
,	,	PUNCTclause
lui	lui	PRON
dit	dire	VERB
elle	elle	PRON
en	en	PRON
souriant	sourire	VERB
à	à	ADP
la	le	DET
Mozzelli	Mozzelli	PROPN
avec	avec	ADP
une	un	DET
ineffable	ineffable	ADJ
douceur	douceur	NOUN
;	;	PUNCTclause
ce	ce	PRON
est	être	AUX
que	que	SCONJ
elle	elle	PRON
est	être	AUX
si	si	ADV
aimante	aimant	ADJ
!	!	PUNCTsent
elle	elle	PRON
pense	penser	VERB
tout	tout	ADV
ce	ce	PRON
que	que	PRON
elle	elle	PRON
dit	dire	VERB
.	.	PUNCTsent
Adieu	adieu	NOUN
,	,	PUNCTclause
chère	chère	NOUN
enfant	enfant	NOUN
,	,	PUNCTclause
ajouta	ajouter	VERB
elle	elle	PRON
en	en	ADP
se	se	PRON
penchant	pencher	VERB
vers	vers	ADP
la	le	DET
cantatrice	cantatrice	NOUN
;	;	PUNCTclause
embrassez	embrasser	VERB
moi	moi	PRON
,	,	PUNCTclause
et	et	CCONJ
revenez	revenir	VERB
bientôt	bientôt	ADV
!	!	PUNCTsent
↵↵	↵↵	PUNCTstruct
La	le	DET
Mozzelli	Mozzelli	PROPN
sentit	sentir	VERB
la	le	DET
sublime	sublime	ADJ
sincérité	sincérité	NOUN
du	du	ADP_DET
baiser	baiser	NOUN
de	de	ADP
Constance	Constance	PROPN
,	,	PUNCTclause
Elle	elle	PRON
se	se	PRON
hâta	hâter	VERB
de	de	ADP
sortir	sortir	VERB
pour	pour	ADP
ne	ne	ADV
pas	pas	ADV
lui	lui	PRON
montrer	montrer	VERB
tout	tout	ADV
l'	le	DET
attendrissement	attendrissement	NOUN
qui	qui	PRON
l'	le:PRON	PRON
étouffait	étouffer	VERB
,	,	PUNCTclause
et	et	CCONJ
courut	courir	VERB
se	se	PRON
cacher	cacher	VERB
sous	sous	ADP
le	le	DET
berceau	berceau	NOUN
de	de	ADP
roses	rose	NOUN
,	,	PUNCTclause
où	où	PRON
elle	elle	PRON
tordit	tordre	VERB
ses	son	DET
mains	main	NOUN
en	en	ADP
se	se	PRON
jetant	jeter	VERB
à	à	ADP
genoux	genou	NOUN
,	,	PUNCTclause
à	à	ADP
la	le	DET
place	place	NOUN
où	où	PRON
Constance	Constance	PROPN
avait	avoir	AUX
été	être	AUX
trouvée	trouver	VERB
presque	presque	ADV
morte	mourir	VERB
,	,	PUNCTclause
quatre	quatre	NUM
jours	jour	NOUN
auparavant	auparavant	ADV
.	.	PUNCTsent
↵↵	↵↵	PUNCTstruct
Raoul	Raoul	PROPN
était	être	AUX
assis	asseoir	VERB
,	,	PUNCTclause
morne	morne	ADJ
et	et	CCONJ
inquiet	inquiet	ADJ
,	,	PUNCTclause
à	à	ADP
une	un	DET
autre	autre	ADJ
place	place	NOUN
du	du	ADP_DET
petit	petit	ADJ
jardin	jardin	NOUN
.	.	PUNCTsent
Ce	ce	DET
parterre	parterre	NOUN
de	de	ADP
fleurs	fleur	NOUN
et	et	CCONJ
de	de	ADP
feuillage	feuillage	NOUN
lui	lui	PRON
était	être	AUX
devenu	devenir	VERB
odieux	odieux	ADJ
.	.	PUNCTsent
Que	que	SCONJ
de	de	ADP
fois	fois	NOUN
,	,	PUNCTclause
le	le	DET
jour	jour	NOUN
et	et	CCONJ
la	le	DET
nuit	nuit	NOUN
,	,	PUNCTclause
il	il	PRON
l'	le:PRON	PRON
avait	avoir	AUX
foulé	fouler	VERB
dans	dans	ADP
tous	tout	ADJ
les	le	DET
sens	sens	NOUN
,	,	PUNCTclause
depuis	depuis	ADP
une	un	DET
centaine	centaine	NOUN
de	de	ADP
mortelles	mortel	NOUN
heures	heure	NOUN
!	!	PUNCTsent
Mais	mais	CCONJ
quelque	quelque	DET
agité	agité	NOUN
que	que	PRON
il	il	PRON
pût	pouvoir	VERB
être	être	AUX
,	,	PUNCTclause
il	il	PRON
ne	ne	ADV
était	être	AUX
jamais	jamais	ADV
rentré	rentrer	VERB
sous	sous	ADP
le	le	DET
berceau	berceau	NOUN
qui	qui	PRON
lui	lui	PRON
rappelait	rappeler	VERB
le	le	DET
moment	moment	NOUN
le	le	DET
plus	plus	ADV
atroce	atroce	ADJ
de	de	ADP
sa	son	DET
vie	vie	NOUN
:	:	PUNCTclause
celui	celui	PRON
où	où	PRON
il	il	PRON
avait	avoir	AUX
cru	croire	VERB
,	,	PUNCTclause
en	en	ADP
soulevant	soulever	VERB
Constance	Constance	PROPN
,	,	PUNCTclause
relever	relever	VERB
un	un	DET
cadavre	cadavre	NOUN
.	.	PUNCTsent
Quand	quand	SCONJ
ses	son	DET
pas	pas	NOUN
sans	sans	ADP
but	but	NOUN
l'	le	DET
y	y	PRON
portaient	porter	VERB
,	,	PUNCTclause
un	un	DET
instinct	instinct	NOUN
de	de	ADP
terreur	terreur	NOUN
l'	le	DET
en	en	PRON
éloignait	éloigner	VERB
au	au	ADP_DET
plus	plus	ADV
vite	vite	ADV
.	.	PUNCTsent
il y a	il y a	VERB
eu	avoir	VERB
une	un	DET
nuit	nuit	NOUN
où	où	PRON
Constance	Constance	PROPN
paraissait	paraître	VERB
au	au	ADP_DET
plus	plus	ADV
mal	mal	ADV
:	:	PUNCTclause
il	il	PRON
avait	avoir	AUX
cru	croire	VERB
la	le	DET
voir	voir	VERB
assise	asseoir	VERB
sur	sur	ADP
ce	ce	DET
banc	banc	NOUN
,	,	PUNCTclause
lui	lui	PRON
faisant	faire	VERB
signe	signe	NOUN
de	de	ADP
ne	ne	ADV
pas	pas	ADV
approcher	approcher	VERB
,	,	PUNCTclause
et	et	CCONJ
il	il	PRON
avait	avoir	AUX
couru	courir	VERB
au	au	ADP_DET
salon	salon	NOUN
,	,	PUNCTclause
comme	comme	ADP
en	en	ADP
délire	délire	NOUN
,	,	PUNCTclause
persuadé	persuader	VERB
que	que	SCONJ
il	il	PRON
avait	avoir	AUX
vu	voir	VERB
son	son	DET
spectre	spectre	NOUN
et	et	CCONJ
que	que	SCONJ
il	il	PRON
allait	aller	VERB
la	le	DET
trouver	trouver	VERB
morte	mourir	VERB
.	.	PUNCTsent
Maintenant	maintenant	ADV
,	,	PUNCTclause
il	il	PRON
était	être	AUX
rassuré	rassurer	VERB
sur	sur	ADP
sa	son	DET
vie	vie	NOUN
,	,	PUNCTclause
mais	mais	CCONJ
non	non	ADV
sur	sur	ADP
son	son	DET
pardon	pardon	NOUN
.	.	PUNCTsent
Il	il	PRON
attendait	attendre	VERB
avec	avec	ADP
angoisse	angoisse	NOUN
la	le	DET
fin	fin	NOUN
de	de	ADP
la	le	DET
conférence	conférence	NOUN
avec	avec	ADP
la	le	DET
Mozzelli	Mozzelli	PROPN
.	.	PUNCTsent
Quand	quand	SCONJ
il	il	PRON
vit	vivre	VERB
celle	celle	PRON
sortir	sortir	VERB
et	et	CCONJ
se	se	PRON
diriger	diriger	VERB
vers	vers	ADP
le	le	DET
berceau	berceau	NOUN
,	,	PUNCTclause
il	il	PRON
ne	ne	ADV
put	pouvoir	VERB
se	se	PRON
décider	décider	VERB
à	à	ADP
l'	le	DET
y	y	PRON
suivre	suivre	VERB
pour	pour	ADP
l'	le	DET
interroger	interroger	VERB
;	;	PUNCTclause
mais	mais	CCONJ
quand	quand	SCONJ
il	il	PRON
l'	le:PRON	PRON
entendit	entendre	VERB
sangloter	sangloter	VERB
,	,	PUNCTclause
il	il	PRON
craignit	craindre	VERB
quelque	quelque	DET
nouveau	nouveau	ADJ
malheur	malheur	NOUN
et	et	CCONJ
se	se	PRON
décida	décider	VERB
à	à	ADP
l'	le	DET
y	y	PRON
rejoindre	rejoindre	VERB
.	.	PUNCTsent
↵↵	↵↵	PUNCTstruct
—	—	PUNCTclause
Quoi	quoi	PRON
!	!	PUNCTsent
vous	vous	PRON
osez	oser	VERB
entrer	entrer	VERB
ici	ici	ADV
et	et	CCONJ
regarder	regarder	VERB
ce	ce	DET
banc	banc	NOUN
?	?	PUNCTsent
lui	lui	PRON
dit	dire	VERB
Sofia	Sofia	PROPN
avec	avec	ADP
véhémence	véhémence	NOUN
.	.	PUNCTsent
Vous	vous	PRON
venez	venir	VERB
voir	voir	VERB
si	si	SCONJ
vous	vous	PRON
y	y	PRON
retrouverez	retrouver	VERB
son	son	DET
cœur	cœur	NOUN
,	,	PUNCTclause
oublié	oublier	VERB
comme	comme	ADP
un	un	DET
bouquet	bouquet	NOUN
ou	ou	CCONJ
comme	comme	ADP
un	un	DET
éventail	éventail	NOUN
?	?	PUNCTsent
Non	non	ADV
,	,	PUNCTclause
vous	vous	PRON
ne	ne	ADV
retrouverez	retrouver	VERB
rien	rien	PRON
:	:	PUNCTclause
ce	ce	PRON
qui	qui	PRON
est	être	VERB
tombé	tomber	VERB
là	là	ADV
,	,	PUNCTclause
ce	ce	PRON
est	être	AUX
son	son	DET
pauvre	pauvre	NOUN
amour	amour	NOUN
,	,	PUNCTclause
et	et	CCONJ
il	il	PRON
y	y	PRON
est	être	AUX
resté	rester	VERB
enseveli	ensevelir	VERB
.	.	PUNCTsent
Elle	elle	PRON
ne	ne	ADV
vous	vous	PRON
aime	aimer	VERB
plus	plus	ADV
,	,	PUNCTclause
Raoul	Raoul	PROPN
,	,	PUNCTclause
car	car	CCONJ
elle	elle	PRON
me	me	PRON
pardonne	pardonner	VERB
,	,	PUNCTclause
et	et	CCONJ
elle	elle	PRON
veut	vouloir	VERB
me	me	PRON
revoir	revoir	VERB
.	.	PUNCTsent
Cela	cela	PRON
veut	vouloir	VERB
dire	dire	VERB
que	que	SCONJ
elle	elle	PRON
vous	vous	PRON
chasse	chasser	VERB
et	et	CCONJ
que	que	SCONJ
,	,	PUNCTclause
pas plus que	pas plus que	ADP
moi	moi	PRON
,	,	PUNCTclause
elle	elle	PRON
ne	ne	ADV
trouve	trouver	VERB
que	que	SCONJ
il	il	PRON
faille	faillir	VERB
se	se	PRON
souvenir	souvenir	VERB
de	de	ADP
vous	vous	PRON
.	.	PUNCTsent
↵↵	↵↵	PUNCTstruct
«	«	PUNCTclause
Je	je	PRON
vous	vous	PRON
disais	dire	VERB
:	:	PUNCTclause
nous	nous	PRON
l'	le:PRON	PRON
avons	avoir	AUX
tuée	tuer	VERB
!	!	PUNCTsent
Non	non	ADV
,	,	PUNCTclause
elle	elle	PRON
vit	vivre	VERB
,	,	PUNCTclause
et	et	CCONJ
elle	elle	PRON
vivra	vivre	VERB
.	.	PUNCTsent
Nous	nous	PRON
avons	avoir	AUX
fait	faire	VERB
pis	pi	NOUN
que	que	SCONJ
de	de	ADP
la	le	DET
tuer	tuer	VERB
,	,	PUNCTclause
elle	elle	PRON
vivra	vivre	VERB
sans	sans	ADP
aimer	aimer	VERB
!	!	PUNCTsent
je	je	PRON
ai	avoir	AUX
senti	sentir	VERB
cela	cela	PRON
à	à	ADP
sa	son	DET
miséricorde	miséricorde	NOUN
facile	facile	ADJ
et	et	CCONJ
entière	entier	ADJ
.	.	PUNCTsent
Elle	elle	PRON
est	être	AUX
si	si	ADV
faible	faible	ADJ
que	que	SCONJ
il	il	PRON
lui	lui	PRON
serait	être	AUX
impossible	impossible	ADJ
de	de	ADP
jouer un rôle	jouer un rôle	VERB
dans	dans	ADP
ce	ce	DET
moment	moment	NOUN
.	.	PUNCTsent
D'ailleurs	d'ailleurs	ADV
,	,	PUNCTclause
ce	ce	PRON
est	être	AUX
un	un	DET
ange	ange	NOUN
,	,	PUNCTclause
cette	ce	DET
femme	femme	NOUN
!	!	PUNCTsent
Elle	elle	PRON
en	en	PRON
a	avoir	VERB
la	le	DET
pitié	pitié	NOUN
,	,	PUNCTclause
mais	mais	CCONJ
elle	elle	PRON
en	en	PRON
a	avoir	AUX
aussi	aussi	ADV
les	le	DET
ailes	aile	NOUN
!	!	PUNCTsent
La	le	DET
voilà	voilà	ADP
qui	qui	PRON
se	se	PRON
envole	envoler	VERB
sans	sans	ADP
vous	vous	PRON
regretter	regretter	VERB
,	,	PUNCTclause
sans	sans	ADP
seulement	seulement	ADV
vous	vous	PRON
regarder	regarder	VERB
.	.	PUNCTsent
Où	où	PRON
va	aller	VERB
elle	elle	PRON
?	?	PUNCTsent
Quelle	quel	DET
chose	chose	NOUN
pourra	pouvoir	VERB
l'	le	DET
occuper	occuper	VERB
sur	sur	ADP
la	le	DET
terre	terre	NOUN
,	,	PUNCTclause
à présent	à présent	ADV
?	?	PUNCTsent
Elle	elle	PRON
ne	ne	ADV
y	y	PRON
vivait	vivre	VERB
que	que	SCONJ
pour	pour	ADP
l'	le	DET
amour	amour	NOUN
.	.	PUNCTsent
Le	le	DET
cherchera	chercher	VERB
elle	elle	PRON
partout	partout	ADV
comme	comme	SCONJ
je	je	PRON
ai	avoir	AUX
fait	faire	VERB
,	,	PUNCTclause
sans	sans	ADP
pouvoir	pouvoir	VERB
le	le	DET
trouver	trouver	VERB
?	?	PUNCTsent
Ou	ou	CCONJ
le	le	DET
méprisera	mépriser	VERB
elle	elle	PRON
comme	comme	ADP
le	le	DET
méprise	méprise	NOUN
la	le	DET
duchesse	duchesse	NOUN
,	,	PUNCTclause
comme	comme	ADP
vous	vous	PRON
le	le:PRON	PRON
méprisez	mépriser	VERB
vous-même	vous-même	PRON
,	,	PUNCTclause
vous	vous	PRON
qui	qui	PRON
avez	avoir	AUX
cherché	chercher	VERB
le	le	DET
plaisir	plaisir	NOUN
quand	quand	SCONJ
vous	vous	PRON
aviez	avoir	VERB
l'	le	DET
idéal	idéal	NOUN
?	?	PUNCTsent
ha	ha	INTJ
!	!	PUNCTsent
malheureux	malheureux	ADJ
que	que	SCONJ
vous	vous	PRON
êtes	être	VERB
!	!	PUNCTsent
Vous	vous	PRON
aimiez	aimer	VERB
cette	ce	DET
créature	créature	NOUN
incomparable	incomparable	ADJ
,	,	PUNCTclause
vous	vous	PRON
aviez	avoir	VERB
compris	comprendre	VERB
le	le	DET
ciel	ciel	NOUN
,	,	PUNCTclause
et	et	CCONJ
vous	vous	PRON
ne	ne	ADV
avez	avoir	AUX
pas	pas	ADV
su	savoir	VERB
vous	vous	PRON
vaincre	vaincre	VERB
.	.	PUNCTsent
Vous	vous	PRON
avez	avoir	VERB
cédé	céder	VERB
aux	au	ADP_DET
besoins	besoin	NOUN
du	du	ADP_DET
cœur	cœur	NOUN
avec	avec	ADP
une	un	DET
autre	autre	ADJ
,	,	PUNCTclause
vous	vous	PRON
me	me	PRON
avez	avoir	AUX
aimée	aimer	VERB
,	,	PUNCTclause
moi	moi	PRON
qui	qui	PRON
en	en	PRON
rougis	rougir	VERB
à présent	à présent	ADV
!	!	PUNCTsent
hé	hé	INTJ
bien	bien	ADV
,	,	PUNCTclause
cela	cela	PRON
est	être	AUX
plus	plus	ADV
coupable	coupable	ADJ
encore	encore	ADV
que	que	SCONJ
de	de	ADP
avoir	avoir	VERB
philosophé	philosopher	VERB
sur	sur	ADP
l'	le	DET
oreiller	oreiller	NOUN
de	de	ADP
la	le	DET
de	de	ADP
Évereux	Évereux	PROPN
.	.	PUNCTsent
Vous	vous	PRON
avez	avoir	AUX
été	être	AUX
deux fois	deux fois	ADV
infidèle	infidèle	ADJ
en	en	ADP
quelques	quelque	DET
jours	jour	NOUN
,	,	PUNCTclause
infidèle	infidèle	ADJ
parle	parler	VERB
cœur	cœur	NOUN
et	et	CCONJ
par	par	ADP
les	le	DET
sens	sens	NOUN
!	!	PUNCTsent
Il	il	PRON
ne	ne	ADV
est	être	AUX
resté	rester	VERB
à	à	ADP
Constance	Constance	PROPN
que	que	SCONJ
votre	votre	DET
imagination	imagination	NOUN
,	,	PUNCTclause
peut-être	peut-être	ADV
!	!	PUNCTsent
hé	hé	INTJ
bien	bien	ADV
,	,	PUNCTclause
demandez	demander	VERB
à	à	ADP
Dieu	Dieu	PROPN
que	que	SCONJ
en	en	ADP
vous	vous	PRON
quittant	quitter	VERB
,	,	PUNCTclause
elle	elle	PRON
vous	vous	PRON
garde	garder	VERB
dans	dans	ADP
un	un	DET
coin	coin	NOUN
de	de	ADP
la sienne	la sienne	PRON
,	,	PUNCTclause
car	car	CCONJ
un	un	DET
peu de	peu de	DET
regret	regret	NOUN
et	et	CCONJ
quelques	quelque	DET
larmes	larme	NOUN
de	de	ADP
souvenir	souvenir	NOUN
,	,	PUNCTclause
voilà	voilà	ADP
tout	tout	ADJ
ce	ce	PRON
que	que	PRON
vous	vous	PRON
pouvez	pouvoir	VERB
espérer	espérer	VERB
de	de	ADP
elle	elle	PRON
,	,	PUNCTclause
et	et	CCONJ
ce	ce	PRON
sera	être	AUX
encore	encore	ADV
plus	plus	ADV
que	que	SCONJ
vous	vous	PRON
ne	ne	ADV
méritez	mériter	VERB
.	.	PUNCTsent
»	»	PUNCTclause
↵↵	↵↵	PUNCTstruct
La	le	DET
Mozzelli	Mozzelli	PROPN
était	être	AUX
dans	dans	ADP
un	un	DET
paroxysme	paroxysme	NOUN
de	de	ADP
exaltation	exaltation	NOUN
.	.	PUNCTsent
Elle	elle	PRON
parla	parler	VERB
encore	encore	ADV
longtemps	longtemps	ADV
à	à	ADP
Raoul	Raoul	PROPN
sur	sur	ADP
ce	ce	DET
ton	ton	NOUN
de	de	ADP
mépris	mépris	NOUN
et	et	CCONJ
de	de	ADP
haine	haine	NOUN
qui	qui	PRON
eût	avoir	AUX
eu	avoir	VERB
plus	plus	ADV
de	de	ADP
force	force	NOUN
véritable	véritable	ADJ
si	si	SCONJ
sa	son	DET
propre	propre	ADJ
passion	passion	NOUN
froissée	froissé	ADJ
ne	ne	ADV
eût	avoir	AUX
trouvé	trouver	VERB
instinctivement	instinctivement	ADV
son	son	DET
compte	compte	NOUN
à	à	ADP
cette	ce	DET
vengeance	vengeance	NOUN
,	,	PUNCTclause
adieu	adieu	NOUN
suprême	suprême	ADJ
et	et	CCONJ
violent	violent	ADJ
de	de	ADP
une	un	DET
âme	âme	NOUN
généreuse	généreux	ADJ
,	,	PUNCTclause
mais	mais	CCONJ
à	à	ADP
jamais	jamais	ADV
privée	priver	VERB
de	de	ADP
frein	frein	NOUN
.	.	PUNCTsent
Raoul	Raoul	PROPN
l'	le	DET
écouta	écouter	VERB
sans	sans	ADP
l'	le	DET
interrompre	interrompre	VERB
,	,	PUNCTclause
comme	comme	SCONJ
si	si	SCONJ
il	il	PRON
ne	ne	ADV
eût	avoir	VERB
pas	pas	ADV
voulu	vouloir	VERB
perdre	perdre	VERB
un	un	DET
mot	mot	NOUN
de	de	ADP
sa	son	DET
condamnation	condamnation	NOUN
.	.	PUNCTsent
—	—	PUNCTclause
Je	je	PRON
mérite	mériter	VERB
tout	tout	DET
cela	cela	PRON
,	,	PUNCTclause
lui-dit	lui-dit	PRON
il	il	PRON
,	,	PUNCTclause
quand	quand	SCONJ
,	,	PUNCTclause
épuisé	épuiser	VERB
de	de	ADP
fatigue	fatigue	NOUN
morale	moral	ADJ
,	,	PUNCTclause
elle	elle	PRON
se	se	PRON
arrêta	arrêter	VERB
pour	pour	ADP
regarder	regarder	VERB
sa	son	DET
pâleur	pâleur	NOUN
sinistre	sinistre	ADJ
.	.	PUNCTsent
Vous	vous	PRON
êtes	être	AUX
une	un	DET
divinité	divinité	NOUN
vengeresse	vengeur	ADJ
,	,	PUNCTclause
une	un	DET
fureur	fureur	NOUN
que	que	SCONJ
Dieu	Dieu	PROPN
déchaîne	déchaîner	VERB
sur	sur	ADP
le	le	DET
coupable	coupable	NOUN
;	;	PUNCTclause
mais	mais	CCONJ
si	si	SCONJ
la	le	DET
sentence	sentence	NOUN
est	être	AUX
aussi	aussi	ADV
effroyable	effroyable	ADJ
que	que	SCONJ
vous	vous	PRON
l'	le:PRON	PRON
annoncez	annoncer	VERB
,	,	PUNCTclause
il	il	PRON
ne	ne	ADV
est	être	AUX
pas	pas	ADV
besoin	besoin	NOUN
de	de	ADP
me	me	PRON
en	en	ADP
montrer	montrer	VERB
si	si	ADV
bien	bien	ADV
les	le	DET
conséquences	conséquence	NOUN
.	.	PUNCTsent
Je	je	PRON
les	le	DET
sens	sens	NOUN
de	de	ADP
reste	reste	NOUN
,	,	PUNCTclause
et	et	CCONJ
ce	ce	PRON
que	que	PRON
je	je	PRON
souffre	souffrir	VERB
va	aller	VERB
au-delà	au-delà	ADV
de	de	ADP
tous	tout	ADJ
vos	vos	DET
reproches	reproche	NOUN
.	.	PUNCTsent
quant à	quant à	ADP
ce	ce	PRON
qui	qui	PRON
vous	vous	PRON
concerne	concerner	VERB
,	,	PUNCTclause
vous	vous	PRON
devez	devoir	VERB
pardonner	pardonner	VERB
,	,	PUNCTclause
comme	comme	ADP
Constance	Constance	PROPN
pardonne	pardonner	VERB
.	.	PUNCTsent
Vous	vous	PRON
le	le	DET
devez	devoir	VERB
,	,	PUNCTclause
Sofia	Sofia	PROPN
,	,	PUNCTclause
je	je	PRON
vous	vous	PRON
le	le:PRON	PRON
dis	dire	VERB
sérieusement	sérieusement	ADV
!	!	PUNCTsent
demain	demain	ADV
il	il	PRON
serait	être	AUX
trop	trop	ADV
tard	tard	ADV
.	.	PUNCTsent
↵↵	↵↵	PUNCTstruct
—	—	PUNCTclause
Vous	vous	PRON
voulez	vouloir	VERB
vous	vous	PRON
tuer	tuer	VERB
?	?	PUNCTsent
se	se	PRON
écria	écrier	VERB
la	le	DET
Mozzelli	Mozzelli	PROPN
,	,	PUNCTclause
frappée	frapper	VERB
de	de	ADP
la	le	DET
tranquillité	tranquillité	NOUN
effrayante	effrayant	ADJ
de	de	ADP
Raoul	Raoul	PROPN
.	.	PUNCTsent
hé	hé	INTJ
bien	bien	ADV
,	,	PUNCTclause
cela	cela	PRON
est	être	AUX
encore	encore	ADV
de	de	ADP
un	un	DET
égoïste	égoïste	NOUN
.	.	PUNCTsent
Vous	vous	PRON
voulez	vouloir	VERB
que	que	SCONJ
Constance	Constance	PROPN
vous	vous	PRON
pleure	pleurer	VERB
.	.	PUNCTsent
Vous	vous	PRON
ne	ne	ADV
voulez	vouloir	VERB
pas	pas	ADV
que	que	SCONJ
elle	elle	PRON
vous	vous	PRON
oublie	oublier	VERB
!	!	PUNCTsent
Vous	vous	PRON
vous	vous	PRON
vengerez	venger	VERB
ainsi	ainsi	ADV
,	,	PUNCTclause
sur	sur	ADP
cette	ce	DET
pauvre	pauvre	NOUN
innocente	innocent	ADJ
,	,	PUNCTclause
des	un	DET
crimes	crime	NOUN
que	que	SCONJ
vous	vous	PRON
avez	avoir	AUX
commis	commettre	VERB
envers	envers	ADP
elle	elle	PRON
!	!	PUNCTsent
Tenez	tenir	VERB
!	!	PUNCTsent
ce	ce	PRON
sera	être	AUX
là	là	ADV
le	le	DET
pire	pire	NOUN
de	de	ADP
tous	tout	ADJ
,	,	PUNCTclause
car	car	CCONJ
il	il	PRON
aura	avoir	AUX
été	être	AUX
prémédité	préméditer	VERB
!	!	PUNCTsent
↵↵	↵↵	PUNCTstruct
Raoul	Raoul	PROPN
haussa	hausser	VERB
les	le	DET
épaules	épaule	NOUN
.	.	PUNCTsent
Il	il	PRON
fallait	falloir	VERB
que	que	SCONJ
Sofia	Sofia	PROPN
fût	être	AUX
bien	bien	ADV
exaspérée	exaspérer	VERB
pour	pour	ADP
le	le	DET
croire	croire	VERB
si	si	SCONJ
lâche	lâcher	VERB
.	.	PUNCTsent
Il	il	PRON
était	être	AUX
bien	bien	ADV
décidé	décider	VERB
à	à	ADP
mourir	mourir	VERB
si	si	SCONJ
Constance	Constance	PROPN
l'	le	DET
abandonnait	abandonner	VERB
,	,	PUNCTclause
mais	mais	CCONJ
à	à	ADP
mourir	mourir	VERB
loin de	loin de	ADP
elle	elle	PRON
,	,	PUNCTclause
et	et	CCONJ
sans que	sans que	SCONJ
elle	elle	PRON
pût	pouvoir	VERB
croire	croire	VERB
à	à	ADP
un	un	DET
suicide	suicide	NOUN
.	.	PUNCTsent
↵↵	↵↵	PUNCTstruct
La	le	DET
duchesse	duchesse	NOUN
vint	venir	VERB
bouleverser	bouleverser	VERB
ses	son	DET
idées	idée	NOUN
,	,	PUNCTclause
et	et	CCONJ
même	même	ADV
ébranler	ébranler	VERB
la	le	DET
conviction	conviction	NOUN
de	de	ADP
la	le	DET
Mozzelli	Mozzelli	PROPN
.	.	PUNCTsent
Elle	elle	PRON
sortait	sortir	VERB
de	de	ADP
causer	causer	VERB
avec	avec	ADP
Constance	Constance	PROPN
et	et	CCONJ
ensuite	ensuite	ADV
avec	avec	ADP
Cécile	Cécile	PROPN
.	.	PUNCTsent
—	—	PUNCTclause
Vous	vous	PRON
ne	ne	ADV
avez	avoir	VERB
rien	rien	PRON
compris	comprendre	VERB
à	à	ADP
la	le	DET
tranquillité	tranquillité	NOUN
de	de	ADP
ces	ce	DET
deux	deux	NUM
femmes	femme	NOUN
,	,	PUNCTclause
leur	leur	PRON
dit	dire	VERB
elle	elle	PRON
.	.	PUNCTsent
Elles	elles	PRON
ne	ne	ADV
savent	savoir	VERB
rien	rien	PRON
,	,	PUNCTclause
elles	elles	PRON
ne	ne	ADV
se	se	PRON
doutent	douter	VERB
de	de	ADP
rien	rien	PRON
!	!	PUNCTsent
↵↵	↵↵	PUNCTstruct
—	—	PUNCTclause
ce	ce	PRON
est	être	AUX
impossible	impossible	ADJ
!	!	PUNCTsent
dit	dire	VERB
la	le	DET
Mozzelli	Mozzelli	PROPN
.	.	PUNCTsent
↵↵	↵↵	PUNCTstruct
—	—	PUNCTclause
Oui	oui	INTJ
,	,	PUNCTclause
ce	ce	PRON
est	être	AUX
impossible	impossible	ADJ
,	,	PUNCTclause
ajouta	ajouter	VERB
Raoul	Raoul	PROPN
:	:	PUNCTclause
Constance	Constance	NOUN
ne	ne	ADV
me	me	PRON
a	avoir	AUX
pas	pas	ADV
regardé	regarder	VERB
,	,	PUNCTclause
elle	elle	PRON
ne	ne	ADV
me	me	PRON
a	avoir	AUX
pas	pas	ADV
adressé	adresser	VERB
la	le	DET
parole	parole	NOUN
une	un	DET
seule	seul	ADJ
fois	fois	NOUN
depuis	depuis	ADP
quatre	quatre	NUM
jours	jour	NOUN
et	et	CCONJ
quatre	quatre	NUM
nuits	nuit	NOUN
que	que	PRON
je	je	PRON
entre	entrer	VERB
chez	chez	ADP
elle	elle	PRON
à	à	ADP
toute	toute	DET
heure	heure	NOUN
.	.	PUNCTsent
↵↵	↵↵	PUNCTstruct
—	—	PUNCTclause
Constance	constance	NOUN
était	être	AUX
si	si	ADV
faible	faible	ADJ
que	que	SCONJ
elle	elle	PRON
ne	ne	ADV
vous	vous	PRON
a	avoir	AUX
pas	pas	ADV
reconnu	reconnaître	VERB
,	,	PUNCTclause
reprit	reprendre	VERB
la	le	DET
duchesse	duchesse	NOUN
.	.	PUNCTsent
En	en	ADP
ce	ce	PRON
moment	moment	NOUN
encore	encore	ADV
,	,	PUNCTclause
vous	vous	PRON
pourriez	pouvoir	VERB
peut-être	peut-être	ADV
lui	lui	PRON
parler	parler	VERB
sans que	sans que	SCONJ
elle	elle	PRON
vous	vous	PRON
entendît	entendre	VERB
.	.	PUNCTsent
Elle	elle	PRON
est	être	AUX
encore	encore	ADV
presque	presque	ADV
sourde	sourd	ADJ
et	et	CCONJ
presque	presque	ADV
aveugle	aveugle	ADJ
.	.	PUNCTsent
Je	je	PRON
me	me	PRON
en	en	PRON
suis	être	AUX
assurée	assurer	VERB
,	,	PUNCTclause
sa	son	DET
tante	tante	NOUN
me	me	PRON
l'	le:PRON	PRON
a	avoir	AUX
dit	dire	VERB
tout	tout	ADV
bas	bas	ADJ
.	.	PUNCTsent
Le	le	DET
médecin	médecin	NOUN
assure	assurer	VERB
que	que	SCONJ
cela	cela	PRON
doit	devoir	VERB
être	être	AUX
ainsi	ainsi	ADV
,	,	PUNCTclause
car	car	CCONJ
on	on	PRON
ne	ne	ADV
combat	combattre	VERB
pas	pas	ADV
un	un	DET
mal	mal	NOUN
grave	grave	ADJ
sans	sans	ADP
des	un	DET
remèdes	remède	NOUN
énergiques	énergique	ADJ
,	,	PUNCTclause
mais	mais	CCONJ
que	que	SCONJ
ce	ce	PRON
ne	ne	ADV
est	être	AUX
plus	plus	ADV
inquiétant	inquiétant	ADJ
,	,	PUNCTclause
et	et	CCONJ
que	que	SCONJ
il	il	PRON
ne	ne	ADV
faut	falloir	VERB
pas	pas	ADV
lui	lui	PRON
laisser	laisser	VERB
faire	faire	VERB
le	le	DET
plus	plus	ADV
léger	léger	ADJ
effort	effort	NOUN
pour	pour	ADP
devancer	devancer	VERB
le	le	DET
secours	secours	NOUN
de	de	ADP
la	le	DET
nature	nature	NOUN
.	.	PUNCTsent
Ce	ce	PRON
que	que	PRON
il	il	PRON
faut	falloir	VERB
à présent	à présent	ADV
,	,	PUNCTclause
ce	ce	PRON
est	être	AUX
la	le	DET
laisser	laisser	VERB
tranquille	tranquille	ADJ
.	.	PUNCTsent
Partez	partir	VERB
,	,	PUNCTclause
Sofia	Sofia	PROPN
;	;	PUNCTclause
moi	moi	PRON
,	,	PUNCTclause
je	je	PRON
rentre	rentrer	VERB
chez	chez	ADP
moi	moi	PRON
,	,	PUNCTclause
et	et	CCONJ
je	je	PRON
laisse	laisser	VERB
ma	mon	DET
fille	fille	NOUN
que	que	SCONJ
on	on	PRON
désire	désirer	VERB
garder	garder	VERB
encore	encore	ADV
auprès de	auprès de	ADP
Constance	Constance	PROPN
pendant	pendant	ADP
un	un	DET
jour	jour	NOUN
ou	ou	CCONJ
deux	deux	NUM
.	.	PUNCTsent
Vous	vous	PRON
,	,	PUNCTclause
monsieur	monsieur	NOUN
Mahoult	Mahoult	PROPN
,	,	PUNCTclause
vous	vous	PRON
allez	aller	VERB
retourner	retourner	VERB
à	à	ADP
l'	le	DET
hôtel	hôtel	NOUN
et	et	CCONJ
ne	ne	ADV
pas	pas	ADV
remettre	remettre	VERB
les	le	DET
pieds	pied	NOUN
ici	ici	ADV
pendant	pendant	ADP
le	le	DET
reste	reste	NOUN
de	de	ADP
la	le	DET
semaine	semaine	NOUN
.	.	PUNCTsent
Mademoiselle	mademoiselle	NOUN
Cécile	Cécile	PROPN
Verrier	Verrier	PROPN
l'	le:PRON	PRON
exige	exiger	VERB
.	.	PUNCTsent
Elle	elle	PRON
ne	ne	ADV
veut	vouloir	VERB
même	même	ADV
pas	pas	ADV
que	que	SCONJ
vous	vous	PRON
veniez	venir	VERB
vous	vous	PRON
informer	informer	VERB
à	à	ADP
la	le	DET
porte	porte	NOUN
de	de	ADP
la	le	DET
maison	maison	NOUN
.	.	PUNCTsent
Elle	elle	PRON
dit	dire	VERB
avec	avec	ADP
raison	raison	NOUN
que	que	SCONJ
,	,	PUNCTclause
de	de	ADP
un	un	DET
moment	moment	NOUN
à	à	ADP
l'autre	l'autre	PRON
,	,	PUNCTclause
Constance	Constance	PROPN
peut	pouvoir	VERB
recouvrer	recouvrer	VERB
l'	le	DET
ouïe	ouïe	NOUN
,	,	PUNCTclause
reconnaître	reconnaître	VERB
votre	votre	DET
voix	voix	NOUN
,	,	PUNCTclause
et	et	CCONJ
que	que	SCONJ
la	le	DET
joie	joie	NOUN
de	de	ADP
vous	vous	PRON
revoir	revoir	VERB
peut	pouvoir	VERB
la	le	DET
tuer	tuer	VERB
.	.	PUNCTsent
↵↵	↵↵	PUNCTstruct
—	—	PUNCTclause
La	le	DET
joie	joie	NOUN
?	?	PUNCTsent
se	se	PRON
écria	écrier	VERB
Raoul	Raoul	PROPN
,	,	PUNCTclause
elle	elle	PRON
a	avoir	AUX
dit	dire	VERB
ce	ce	DET
mot	mot	NOUN
?	?	PUNCTsent
Cécile	Cécile	PROPN
Verrier	Verrier	PROPN
ne	ne	ADV
sait	savoir	VERB
pas	pas	ADV
mentir	mentir	VERB
;	;	PUNCTclause
l'	le:PRON	PRON
a	avoir	AUX
elle	elle	PRON
dit	dire	VERB
sans	sans	ADP
amertume	amertume	NOUN
et	et	CCONJ
sans	sans	ADP
effort	effort	NOUN
?	?	PUNCTsent
↵↵	↵↵	PUNCTstruct
—	—	PUNCTclause
Elle	elle	PRON
l'	le:PRON	PRON
a	avoir	AUX
dit	dire	VERB
sérieusement	sérieusement	ADV
comme	comme	SCONJ
je	je	PRON
vous	vous	PRON
le	le:PRON	PRON
répète	répéter	VERB
,	,	PUNCTclause
reprit	reprendre	VERB
madame	madame	NOUN
de	de	ADP
Évereux	Évereux	PROPN
,	,	PUNCTclause
et	et	CCONJ
je	je	PRON
suis	être	AUX
revenue	revenir	VERB
auprès	auprès	ADV
du	du	ADP_DET
lit	lit	NOUN
de	de	ADP
Constance	Constance	PROPN
,	,	PUNCTclause
pour	pour	ADP
lui	lui	PRON
demander	demander	VERB
si	si	SCONJ
elle	elle	PRON
voulait	vouloir	VERB
que	que	SCONJ
je	je	PRON
revinsse	revenir	VERB
la	le	DET
voir	voir	AUX
demain	demain	NOUN
.	.	PUNCTsent
Elle	elle	PRON
me	me	PRON
a	avoir	AUX
embrassée	embrasser	VERB
en	en	ADP
me	me	PRON
disant	dire	VERB
:	:	PUNCTclause
Oui	oui	INTJ
,	,	PUNCTclause
revenez	revenir	VERB
;	;	PUNCTclause
si	si	SCONJ
je	je	PRON
ne	ne	ADV
ai	avoir	AUX
pas	pas	ADV
encore	encore	ADV
la	le	DET
force	force	NOUN
de	de	ADP
vous	vous	PRON
parler	parler	VERB
,	,	PUNCTclause
vous	vous	PRON
verrez	voir	VERB
du	du	ADP_DET
moins	moins	ADV
Julie	Julie	PROPN
.	.	PUNCTsent
↵↵	↵↵	PUNCTstruct
—	—	PUNCTclause
Elle	elle	PRON
vous	vous	PRON
a	avoir	AUX
embrassée	embrasser	VERB
aussi	aussi	ADV
,	,	PUNCTclause
vous	vous	PRON
?	?	PUNCTsent
dit	dire	VERB
la	le	DET
Mozzelli	Mozzelli	PROPN
.	.	PUNCTsent
↵↵	↵↵	PUNCTstruct
—	—	PUNCTclause
hé	hé	INTJ
bien	bien	ADV
,	,	PUNCTclause
pourquoi	pourquoi	ADV
donc	donc	ADV
pas	pas	ADV
?	?	PUNCTsent
répondit	répondre	VERB
la	le	DET
duchesse	duchesse	NOUN
,	,	PUNCTclause
qui	qui	PRON
ne	ne	ADV
se	se	PRON
départait	départir	VERB
pas	pas	ADV
de	de	ADP
sa	son	DET
prétendue	prétendu	ADJ
innocence	innocence	NOUN
quand	quand	SCONJ
elle	elle	PRON
ne	ne	ADV
était	être	AUX
pas	pas	ADV
seule	seul	ADJ
avec	avec	ADP
Raoul	Raoul	PROPN
;	;	PUNCTclause
la	le	DET
tante	tante	NOUN
me	me	PRON
a	avoir	AUX
serré	serrer	VERB
la	le	DET
main	main	NOUN
en	en	ADP
me	me	PRON
disant	dire	VERB
que	que	SCONJ
Constance	Constance	PROPN
savait	savoir	VERB
combien	combien	ADV
je	je	PRON
me	me	PRON
étais	être	AUX
occupée	occupé	ADJ
de	de	ADP
elle	elle	PRON
.	.	PUNCTsent
Allons	aller	VERB
!	!	PUNCTsent
de	de	ADP
quoi	quoi	PRON
vous	vous	PRON
tourmentez	tourmenter	VERB
vous	vous	PRON
,	,	PUNCTclause
à présent	à présent	ADV
?	?	PUNCTsent
Nous	nous	PRON
ne	ne	ADV
étions	être	AUX
épouvantés	épouvanter	VERB
que	que	SCONJ
à cause de	à cause de	ADP
un	un	DET
nom	nom	NOUN
qui	qui	PRON
me	me	PRON
était	être	AUX
échappé	échapper	VERB
,	,	PUNCTclause
au moment où	au moment où	ADP
monsieur	monsieur	NOUN
est	être	AUX
entré	entrer	VERB
ici	ici	ADV
.	.	PUNCTsent
Mais	mais	CCONJ
ce	ce	DET
nom	nom	NOUN
,	,	PUNCTclause
elle	elle	PRON
ne	ne	ADV
l'	le:PRON	PRON
avait	avoir	AUX
pas	pas	ADV
entendu	entendre	VERB
,	,	PUNCTclause
puisque	puisque	SCONJ
elle	elle	PRON
me	me	PRON
a	avoir	AUX
répondu	répondre	VERB
,	,	PUNCTclause
le	le	DET
plus	plus	ADV
naturellement	naturellement	ADV
du	du	ADP_DET
monde	monde	NOUN
,	,	PUNCTclause
que	que	SCONJ
cela	cela	PRON
lui	lui	PRON
était	être	AUX
fort	fort	ADV
indifférent	indifférent	ADJ
.	.	PUNCTsent
Admettons	admettre	VERB
que	que	SCONJ
elle	elle	PRON
l'	le:PRON	PRON
ait	avoir	AUX
entendu	entendre	VERB
ou	ou	CCONJ
que	que	SCONJ
elle	elle	PRON
ait	avoir	AUX
cru	croire	VERB
l'	le	DET
entendre	entendre	VERB
,	,	PUNCTclause
et	et	CCONJ
que	que	SCONJ
elle	elle	PRON
soit	être	AUX
tombée	tomber	VERB
évanouie	évanoui	ADJ
un	un	DET
instant	instant	NOUN
après	après	ADP
à cause de	à cause de	ADP
cela	cela	PRON
;	;	PUNCTclause
il	il	PRON
est	être	AUX
certain	certain	ADJ
alors que	alors que	CCONJ
elle	elle	PRON
l'	le:PRON	PRON
a	avoir	AUX
oublié	oublier	VERB
,	,	PUNCTclause
ou	ou	CCONJ
que	que	SCONJ
elle	elle	PRON
croit	croire	VERB
avoir	avoir	AUX
eu	avoir	VERB
une	un	DET
hallucination	hallucination	NOUN
,	,	PUNCTclause
car	car	CCONJ
elle	elle	PRON
a	avoir	AUX
,	,	PUNCTclause
tout	tout	ADV
à	à	ADP
l'	le	DET
heure	heure	NOUN
,	,	PUNCTclause
demandé	demander	VERB
à	à	ADP
sa	son	DET
tante	tante	NOUN
,	,	PUNCTclause
devant	devant	ADP
moi	moi	PRON
:	:	PUNCTclause
Avez	avoir	ADP
vous	vous	PRON
reçu	recevoir	VERB
une	un	DET
lettre	lettre	NOUN
de	de	ADP
Abel	Abel	PROPN
,	,	PUNCTclause
depuis	depuis	ADV
que	que	SCONJ
je	je	PRON
suis	suivre	VERB
là	là	ADV
sans	sans	ADP
me	me	PRON
souvenir	souvenir	VERB
de	de	ADP
rien	rien	PRON
?	?	PUNCTsent
La	le	DET
tante	tante	NOUN
a	avoir	AUX
répondu	répondre	VERB
négativement	négativement	ADV
,	,	PUNCTclause
et	et	CCONJ
Constance	Constance	PROPN
a	avoir	AUX
ajouté	ajouter	VERB
:	:	PUNCTclause
ne	ne	ADV
était	être	AUX
ce	ce	PRON
pas	pas	ADV
aujourd'hui	aujourd'hui	ADV
que	que	SCONJ
il	il	PRON
devait	devoir	VERB
arriver	arriver	VERB
?	?	PUNCTsent
Sa	son	DET
tante	tante	NOUN
l'	le:PRON	PRON
a	avoir	AUX
trompée	tromper	VERB
sur	sur	ADP
le	le	DET
nombre	nombre	NOUN
de	de	ADP
jours	jour	NOUN
que	que	SCONJ
a	avoir	AUX
duré	durer	VERB
sa	son	DET
maladie	maladie	NOUN
,	,	PUNCTclause
et	et	CCONJ
elle	elle	PRON
a	avoir	AUX
paru	paraître	VERB
se	se	PRON
tranquilliser	tranquilliser	VERB
complètement	complètement	ADV
.	.	PUNCTsent
↵↵	↵↵	PUNCTstruct
«	«	PUNCTclause
Vous	vous	PRON
voyez	voir	VERB
donc	donc	ADV
bien	bien	ADV
,	,	PUNCTclause
monsieur	monsieur	NOUN
Mahoult	Mahoult	PROPN
,	,	PUNCTclause
que	que	SCONJ
il	il	PRON
faut	falloir	VERB
vous	vous	PRON
en	en	PRON
aller	aller	VERB
,	,	PUNCTclause
attendre	attendre	VERB
que	que	SCONJ
on	on	PRON
vous	vous	PRON
avertisse	avertir	VERB
,	,	PUNCTclause
et	et	CCONJ
faire semblant	faire semblant	VERB
de	de	ADP
arriver	arriver	VERB
de	de	ADP
Paris	Paris	PROPN
le	le	DET
jour	jour	NOUN
où	où	PRON
l'on	on	PRON
trouvera	trouver	VERB
Constance	constance	DET
assez	assez	ADV
forte	fort	ADJ
pour	pour	ADP
être	être	AUX
heureuse	heureux	ADJ
.	.	PUNCTsent
↵↵	↵↵	PUNCTstruct
—	—	PUNCTclause
Heureuse	heureux	NOUN
!	!	PUNCTsent
se	se	PRON
écria	écrier	VERB
Raoul	Raoul	PROPN
.	.	PUNCTsent
Elle	elle	PRON
pourrait	pouvoir	VERB
être	être	AUX
encore	encore	ADV
heureuse	heureux	ADJ
!	!	PUNCTsent
ha	ha	INTJ
!	!	PUNCTsent
madame	madame	NOUN
la	le	DET
duchesse	duchesse	NOUN
,	,	PUNCTclause
si	si	SCONJ
vous	vous	PRON
me	me	PRON
trompez	tromper	VERB
,	,	PUNCTclause
ou	ou	CCONJ
si	si	SCONJ
vous	vous	PRON
vous	vous	PRON
trompez	tromper	VERB
vous-même	vous-même	PRON
,	,	PUNCTclause
le	le	DET
réveil	réveil	NOUN
sera	être	AUX
épouvantable	épouvantable	ADJ
!	!	PUNCTsent
↵↵	↵↵	PUNCTstruct
—	—	PUNCTclause
Je	je	PRON
ne	ne	ADV
trompe	tromper	VERB
personne	personne	NOUN
et	et	CCONJ
je	je	PRON
ne	ne	ADV
me	me	PRON
trompe	tromper	VERB
pas	pas	ADV
souvent	souvent	ADV
,	,	PUNCTclause
répondit	répondre	VERB
madame	madame	NOUN
de	de	ADP
Évereux	Évereux	PROPN
.	.	PUNCTsent
Nous	nous	PRON
avions	avoir	AUX
fait	faire	AUX
un	un	DET
mauvais	mauvais	ADJ
rêve	rêve	NOUN
qui	qui	PRON
ne	ne	ADV
manquait	manquer	VERB
pas	pas	ADV
de	de	ADP
une	un	DET
certaine	certain	ADJ
vraisemblance	vraisemblance	NOUN
;	;	PUNCTclause
la	le	DET
vérité	vérité	NOUN
que	que	PRON
je	je	PRON
vous	vous	PRON
annonce	annoncer	VERB
est	être	AUX
encore	encore	ADV
plus	plus	ADV
vraisemblable	vraisemblable	ADJ
,	,	PUNCTclause
et	et	CCONJ
,	,	PUNCTclause
si	si	SCONJ
vous	vous	PRON
êtes	être	AUX
sage	sage	NOUN
,	,	PUNCTclause
vous	vous	PRON
ne	ne	ADV
laisserez	laisser	VERB
jamais	jamais	ADV
pressentir	pressentir	VERB
à	à	ADP
Constance	Constance	PROPN
aucun	aucun	DET
remords	remords	NOUN
,	,	PUNCTclause
aucune	aucun	DET
inquiétude	inquiétude	NOUN
qui	qui	PRON
pourrait	pouvoir	VERB
réveiller	réveiller	VERB
des	un	DET
souvenirs	souvenir	NOUN
assoupis	assoupi	ADJ
.	.	PUNCTsent
Si	si	SCONJ
elle	elle	PRON
vous	vous	PRON
parle	parler	VERB
de	de	ADP
cela	cela	PRON
,	,	PUNCTclause
dites	dire	VERB
lui	lui	PRON
bien	bien	ADV
que	que	SCONJ
elle	elle	PRON
avait	avoir	AUX
rêvé	rêver	VERB
,	,	PUNCTclause
et	et	CCONJ
que	que	SCONJ
vous	vous	PRON
ne	ne	ADV
êtes	être	AUX
arrivé	arriver	VERB
à	à	ADP
Nice	Nice	PROPN
,	,	PUNCTclause
au	au	ADP_DET
plus	plus	ADV
tôt	tôt	ADV
,	,	PUNCTclause
que	que	SCONJ
le	le	DET
lendemain	lendemain	NOUN
de	de	ADP
l'	le	DET
événement	événement	NOUN
.	.	PUNCTsent
↵↵	↵↵	PUNCTstruct
«	«	PUNCTclause
Sur	sur	ADP
ce	ce	DET
,	,	PUNCTclause
je	je	PRON
vous	vous	PRON
fais	faire	VERB
mes	mon	DET
adieux	adieu	NOUN
à	à	ADP
tous deux	tous deux	PRON
,	,	PUNCTclause
ajouta	ajouter	VERB
la	le	DET
duchesse	duchesse	NOUN
,	,	PUNCTclause
à	à	ADP
Sofia	Sofia	PROPN
qui	qui	PRON
part	partir	VERB
sur	sur	ADP
l'	le	DET
heure	heure	NOUN
,	,	PUNCTclause
à	à	ADP
ce	ce	PRON
que	que	SCONJ
on	on	PRON
me	me	PRON
a	avoir	AUX
dit	dire	VERB
,	,	PUNCTclause
et	et	CCONJ
à	à	ADP
vous	vous	PRON
,	,	PUNCTclause
monsieur	monsieur	NOUN
,	,	PUNCTclause
que	que	SCONJ
je	je	PRON
ne	ne	ADV
aurai	avoir	VERB
plus	plus	ADV
le	le	DET
plaisir	plaisir	NOUN
de	de	ADP
rencontrer	rencontrer	VERB
ici	ici	ADV
,	,	PUNCTclause
puisque	puisque	SCONJ
je	je	PRON
compte	compter	VERB
partir	partir	VERB
moi-même	moi-même	PRON
le	le	DET
jour	jour	NOUN
où	où	PRON
je	je	PRON
verrai	voir	VERB
Constance	Constance	NOUN
assez	assez	ADV
rétablie	rétablir	VERB
pour	pour	ADP
vous	vous	PRON
recevoir	recevoir	VERB
.	.	PUNCTsent
»	»	PUNCTclause
↵↵	↵↵	PUNCTstruct
La	le	DET
duchesse	duchesse	NOUN
se	se	PRON
retira	retirer	VERB
,	,	PUNCTclause
confiante	confiant	ADJ
dans	dans	ADP
ce	ce	DET
que	que	SCONJ
elle	elle	PRON
avait	avoir	AUX
dit	dire	VERB
et	et	CCONJ
dans	dans	ADP
ce	ce	DET
que	que	SCONJ
elle	elle	PRON
croyait	croire	VERB
être	être	AUX
vrai	vrai	ADJ
.	.	PUNCTsent
Raoul	Raoul	PROPN
alla	aller	VERB
se	se	PRON
enfermer	enfermer	VERB
dans	dans	ADP
une	un	DET
chambre	chambre	NOUN
de	de	ADP
hôtel	hôtel	NOUN
,	,	PUNCTclause
en proie à	en proie à	ADP
l'	le	DET
inquiétude	inquiétude	NOUN
et	et	CCONJ
à	à	ADP
l'	le	DET
espérance	espérance	NOUN
.	.	PUNCTsent
Sofia	Sofia	PROPN
fit	faire	VERB
ses	son	DET
malles	malle	NOUN
,	,	PUNCTclause
fut	être	AUX
admise	admettre	VERB
encore	encore	ADV
,	,	PUNCTclause
au	au	ADP_DET
moment	moment	NOUN
du	du	ADP_DET
départ	départ	NOUN
,	,	PUNCTclause
à	à	ADP
regarder	regarder	VERB
Constance	Constance	PROPN
endormie	endormi	ADJ
,	,	PUNCTclause
et	et	CCONJ
partit	partir	VERB
en	en	ADP
poste	poste	NOUN
pour	pour	ADP
Milan	Milan	PROPN
.	.	PUNCTsent
Trois	Trois	NUM
jours	jour	NOUN
après	après	ADV
,	,	PUNCTclause
madame	madame	NOUN
de	de	ADP
Évereux	Évereux	PROPN
retournait	retourner	VERB
à	à	ADP
Paris	Paris	PROPN
avec	avec	ADP
sa	son	DET
fille	fille	NOUN
.	.	PUNCTsent
↵↵	↵↵	PUNCTstruct
Raoul	Raoul	PROPN
attendit	attendre	VERB
,	,	PUNCTclause
avec	avec	ADP
anxiété	anxiété	NOUN
des	un	DET
nouvelles	nouvelle	NOUN
de	de	ADP
Constance	Constance	PROPN
.	.	PUNCTsent
Il	il	PRON
envoyait	envoyer	VERB
messages	message	NOUN
sur	sur	ADP
messages	message	NOUN
;	;	PUNCTclause
aucun	aucun	DET
ne	ne	ADV
parvenait	parvenir	VERB
jusque	jusque	ADP
à	à	ADP
Cécile	Cécile	PROPN
Verrier	Verrier	PROPN
,	,	PUNCTclause
qui	qui	PRON
ne	ne	ADV
quittait	quitter	VERB
pas	pas	ADV
sa	son	DET
nièce	nièce	NOUN
un	un	DET
instant	instant	NOUN
.	.	PUNCTsent
Elle	elle	PRON
avait	avoir	AUX
défendu	défendre	VERB
que	que	SCONJ
on	on	PRON
lui	lui	PRON
remît	remettre	VERB
aucune	aucun	DET
lettre	lettre	NOUN
,	,	PUNCTclause
ni	ni	CCONJ
que	que	SCONJ
on	on	PRON
lui	lui	PRON
transmît	transmettre	VERB
aucune	aucun	DET
commission	commission	NOUN
verbale	verbal	ADJ
,	,	PUNCTclause
et	et	CCONJ
même	même	ADV
elle	elle	PRON
avait	avoir	AUX
fait	faire	VERB
enlever	enlever	VERB
la	le	DET
sonnette	sonnette	NOUN
de	de	ADP
la	le	DET
grille	grille	NOUN
.	.	PUNCTsent
La	le	DET
femme de chambre	femme de chambre	NOUN
de	de	ADP
Constance	Constance	PROPN
ne	ne	ADV
sortait	sortir	VERB
pas	pas	ADV
,	,	PUNCTclause
et	et	CCONJ
un	un	DET
domestique	domestique	NOUN
de	de	ADP
place	place	NOUN
,	,	PUNCTclause
qui	qui	PRON
faisait	faire	VERB
les	le	DET
commissions	commission	NOUN
,	,	PUNCTclause
était	être	AUX
le	le	DET
seul	seul	ADJ
que	que	SCONJ
on	on	PRON
pût	pouvoir	VERB
interroger	interroger	VERB
dans	dans	ADP
la	le	DET
rue	rue	NOUN
.	.	PUNCTsent
Il	il	PRON
répondait	répondre	VERB
invariablement	invariablement	ADV
que	que	SCONJ
la	le	DET
signora	signora	NOUN
allait	aller	VERB
pian	pian	NOUN
,	,	PUNCTclause
pian	pian	NOUN
,	,	PUNCTclause
et	et	CCONJ
que	que	SCONJ
il	il	PRON
lui	lui	PRON
fallait	falloir	VERB
du	du	ADP_DET
repos	repos	NOUN
,	,	PUNCTclause
beaucoup de	beaucoup de	DET
repos	repos	NOUN
.	.	PUNCTsent
↵↵	↵↵	PUNCTstruct
Raoul	Raoul	PROPN
connaissait	connaître	VERB
probablement	probablement	ADV
plusieurs	plusieurs	DET
des	un	ADP_DET
personnes	personne	NOUN
qui	qui	PRON
se	se	PRON
trouvaient	trouver	VERB
à	à	ADP
Nice	Nice	PROPN
.	.	PUNCTsent
Sa	son	DET
vie	vie	NOUN
de	de	ADP
voyages	voyage	NOUN
et	et	CCONJ
de	de	ADP
négociations	négociation	NOUN
l'	le:PRON	PRON
avait	avoir	AUX
surtout	surtout	ADV
mis	mettre	VERB
en	en	ADP
rapport	rapport	NOUN
avec	avec	ADP
des	un	DET
étrangers	étranger	NOUN
.	.	PUNCTsent
Il	il	PRON
craignait	craindre	VERB
donc	donc	ADV
de	de	ADP
sortir	sortir	VERB
,	,	PUNCTclause
ne	ne	ADV
voulant	vouloir	VERB
rencontrer	rencontrer	VERB
personne	personne	NOUN
qui	qui	PRON
pût	pouvoir	VERB
rapporter	rapporter	VERB
,	,	PUNCTclause
par	par	ADP
la	le	DET
suite	suite	NOUN
,	,	PUNCTclause
à	à	ADP
Constance	Constance	PROPN
,	,	PUNCTclause
l'	le	DET
avoir	avoir	AUX
vu	voir	VERB
à	à	ADP
Nice	Nice	PROPN
tel	tel	DET
jour	jour	NOUN
et	et	CCONJ
à	à	ADP
telle	tel	DET
heure	heure	NOUN
.	.	PUNCTsent
Il	il	PRON
était	être	AUX
possible	possible	ADJ
que	que	SCONJ
la	le	DET
tante	tante	NOUN
ne	ne	ADV
voulût	vouloir	VERB
jamais	jamais	ADV
lui	lui	PRON
faire	faire	AUX
savoir	savoir	VERB
la	le	DET
vérité	vérité	NOUN
à cet égard	à cet égard	ADP
.	.	PUNCTsent
↵↵	↵↵	PUNCTstruct
Il	il	PRON
vivait	vivre	VERB
enfermé	enfermer	VERB
et	et	CCONJ
caché	cacher	VERB
depuis	depuis	ADP
huit	huit	NUM
jours	jour	NOUN
,	,	PUNCTclause
malade	malade	ADJ
,	,	PUNCTclause
agité	agité	NOUN
,	,	PUNCTclause
dévoré	dévorer	VERB
par	par	ADP
la	le	DET
fièvre	fièvre	NOUN
.	.	PUNCTsent
Il	il	PRON
se	se	PRON
décida	décider	VERB
à	à	ADP
faire	faire	VERB
demander	demander	VERB
le	le	DET
médecin	médecin	NOUN
qui	qui	PRON
avait	avoir	AUX
soigné	soigner	VERB
Constance	Constance	PROPN
et	et	CCONJ
qui	qui	PRON
devait	devoir	VERB
la	le	DET
soigner	soigner	VERB
encore	encore	ADV
.	.	PUNCTsent
Son	son	DET
propre	propre	ADJ
malaise	malaise	NOUN
lui	lui	PRON
servait	servir	VERB
de	de	ADP
prétexte	prétexte	NOUN
pour	pour	ADP
interroger	interroger	VERB
ce	ce	DET
médecin	médecin	NOUN
qui	qui	PRON
,	,	PUNCTclause
en	en	ADP
le	le:PRON	PRON
voyant	voir	VERB
auprès de	auprès de	ADP
Constance	Constance	PROPN
,	,	PUNCTclause
ne	ne	ADV
avait	avoir	AUX
peut-être	peut-être	ADV
pas	pas	ADV
beaucoup	beaucoup	ADV
remarqué	remarquer	VERB
l'	le	DET
intérêt	intérêt	NOUN
exceptionnel	exceptionnel	ADJ
que	que	SCONJ
il	il	PRON
prenait	prendre	VERB
à	à	ADP
l'	le	DET
état	état	NOUN
de	de	ADP
la	le	DET
malade	malade	NOUN
.	.	PUNCTsent
↵↵	↵↵	PUNCTstruct
Il	il	PRON
apprit	apprendre	VERB
donc	donc	ADV
enfin	enfin	ADV
que	que	SCONJ
Constance	Constance	PROPN
était	être	AUX
complètement	complètement	ADV
sauvée	sauver	VERB
,	,	PUNCTclause
que	que	SCONJ
elle	elle	PRON
était	être	AUX
entrée	entrer	VERB
tout	tout	ADV
à	à	ADP
fait	fait	NOUN
en	en	ADP
convalescence	convalescence	NOUN
,	,	PUNCTclause
et	et	CCONJ
que	que	SCONJ
on	on	PRON
se	se	PRON
proposait	proposer	VERB
de	de	ADP
la	le	DET
faire	faire	AUX
bientôt	bientôt	ADV
sortir	sortir	VERB
en	en	ADP
voiture	voiture	NOUN
.	.	PUNCTsent
↵↵	↵↵	PUNCTstruct
Raoul	Raoul	PROPN
attendit	attendre	VERB
encore	encore	ADV
deux	deux	NUM
jours	jour	NOUN
qui	qui	PRON
furent	être	AUX
un	un	DET
nouveau	nouveau	ADJ
et	et	CCONJ
plus	plus	ADV
rude	rude	ADJ
supplice	supplice	NOUN
.	.	PUNCTsent
Constance	constance	NOUN
pouvait	pouvoir	VERB
le	le:PRON	PRON
recevoir	recevoir	VERB
,	,	PUNCTclause
et	et	CCONJ
Cécile	Cécile	PROPN
ne	ne	ADV
l'	le:PRON	PRON
appelait	appeler	VERB
pas	pas	ADV
!	!	PUNCTsent
↵↵	↵↵	PUNCTstruct
Enfin	enfin	ADV
,	,	PUNCTclause
il	il	PRON
reçut	recevoir	VERB
quelques	quelque	DET
mots	mot	NOUN
de	de	ADP
cette	ce	DET
dernière	dernier	ADJ
:	:	PUNCTclause
«	«	PUNCTsent
Viens	venir	VERB
tout de suite	tout de suite	ADV
,	,	PUNCTclause
lui	lui	PRON
disait	dire	VERB
elle	elle	PRON
;	;	PUNCTclause
je	je	PRON
ai	avoir	AUX
supposé	supposer	VERB
une	un	DET
lettre	lettre	NOUN
de	de	ADP
toi	toi	PRON
hier	hier	ADV
,	,	PUNCTclause
et	et	CCONJ
je	je	PRON
ai	avoir	AUX
préparé	préparer	VERB
Constance	Constance	PROPN
à	à	ADP
te	te	PRON
recevoir	recevoir	VERB
aujourd'hui	aujourd'hui	ADV
.	.	PUNCTsent
Fais	faire	VERB
bien	bien	ADV
attention	attention	NOUN
à	à	ADP
ne	ne	ADV
pas	pas	ADV
me	me	PRON
démentir	démentir	VERB
;	;	PUNCTclause
sois	être	AUX
surpris	surprendre	VERB
de	de	ADP
la	le	DET
trouver	trouver	VERB
malade	malade	ADJ
.	.	PUNCTsent
Il	il	PRON
ne	ne	ADV
faut	falloir	VERB
pas	pas	ADV
que	que	SCONJ
elle	elle	PRON
sache	savoir	VERB
combien	combien	ADV
elle	elle	PRON
l'	le:PRON	PRON
a	avoir	AUX
été	être	AUX
.	.	PUNCTsent
»	»	PUNCTclause
