# columns = TERM LEMMA POS PROB
# identifier = verne1872b-03
# creator = Verne, Jules
# created = 1872
# isPartOf = Le tour du monde en quatre-vingts jours
# title = III. Où s’engage une conversation qui pourra coûter cher à Phileas Fogg

↵↵↵	↵↵↵	PUNCTstruct
III	III	PRON
.	.	PUNCTsent
Où	où	ADV
se	se	PRON
engage	engager	VERB
une	un	DET
conversation	conversation	NOUN
qui	qui	PRON
pourra	pouvoir	VERB
coûter	coûter	VERB
cher	cher	ADJ
à	à	ADP
Phileas	Phileas	PROPN
Fogg	Fogg	PROPN
.	.	PUNCTsent
↵↵	↵↵	PUNCTstruct
Phileas	Phileas	PROPN
Fogg	Fogg	PROPN
avait	avoir	AUX
quitté	quitter	VERB
sa	son	DET
maison	maison	NOUN
de	de	DET
Saville-row	Saville-row	PROPN
à	à	ADP
onze	onze	NUM
heures	heure	NOUN
et	et	CCONJ
demie	demi	NOUN
,	,	PUNCTclause
et	et	CCONJ
,	,	PUNCTclause
après	après	ADP
avoir	avoir	AUX
placé	placer	VERB
cinq	cinq	NUM
cent	cent	NUM
soixante-quinze	soixante-quinze	NUM
fois	fois	NOUN
son	son	DET
pied	pied	NOUN
droit	droit	ADJ
devant	devant	ADP
son	son	DET
pied	pied	NOUN
gauche	gauche	ADJ
et	et	CCONJ
cinq	cinq	NUM
cent	cent	NUM
soixante-seize	soixante-seize	NUM
fois	fois	NOUN
son	son	DET
pied	pied	NOUN
gauche	gauche	ADJ
devant	devant	ADP
son	son	DET
pied	pied	NOUN
droit	droit	ADJ
,	,	PUNCTclause
il	il	PRON
arriva	arriver	VERB
au	au	ADP_DET
Reform-Club	Reform-Club	PROPN
,	,	PUNCTclause
vaste	vaste	ADJ
édifice	édifice	NOUN
,	,	PUNCTclause
élevé	élever	VERB
dans	dans	ADP
Pall-Mall	Pall-Mall	PROPN
,	,	PUNCTclause
qui	qui	PRON
ne	ne	ADV
a	avoir	AUX
pas	pas	ADV
coûté	coûter	VERB
moins	moins	ADV
de	de	DET
trois	trois	NUM
millions	million	NOUN
à	à	ADP
bâtir	bâtir	VERB
.	.	PUNCTsent
↵↵	↵↵	PUNCTstruct
Phileas	Phileas	PROPN
Fogg	Fogg	PROPN
se	se	PRON
rendit	rendre	VERB
aussitôt	aussitôt	ADV
à	à	ADP
la	le	DET
salle à manger	salle à manger	NOUN
,	,	PUNCTclause
dont	dont	PRON
les	le	DET
neuf	neuf	NOUN
fenêtres	fenêtre	ADJ
se	se	PRON
ouvraient	ouvrir	VERB
sur	sur	ADP
un	un	DET
beau	beau	ADJ
jardin	jardin	NOUN
aux	au	ADP_DET
arbres	arbre	NOUN
déjà	déjà	ADV
dorés	doré	ADJ
par	par	ADP
l'	le	DET
automne	automne	NOUN
.	.	PUNCTsent
Là	là	ADV
,	,	PUNCTclause
il	il	PRON
prit	prendre	VERB
place	place	NOUN
à	à	ADP
la	le	DET
table	table	NOUN
habituelle	habituel	ADJ
où	où	ADV
son	son	DET
couvert	couvert	NOUN
l'	le	DET
attendait	attendre	NOUN
.	.	PUNCTsent
Son	son	DET
déjeuner	déjeuner	NOUN
se	se	PRON
composait	composer	VERB
de	de	DET
un	un	NUM
hors-d'œuvre	hors-d'œuvre	NOUN
,	,	PUNCTclause
de	de	DET
un	un	PRON
poisson	poisson	NOUN
bouilli	bouilli	ADJ
relevé	relever	VERB
de	de	DET
une	une	NUM
«	«	PUNCTclause
reading	reading	NOUN
sauce	sauce	ADJ
»	»	PUNCTclause
de	de	DET
premier	premier	ADJ
choix	choix	NOUN
,	,	PUNCTclause
de	de	DET
un	un	PRON
roast-beef	roast-beef	NOUN
écarlate	écarlate	ADJ
agrémenté	agrémenté	ADJ
de	de	DET
condiments	condiment	NOUN
«	«	PUNCTclause
mushroom	mushroom	NOUN
»	»	PUNCTclause
,	,	PUNCTclause
de	de	DET
un	un	PRON
gâteau	gâteau	ADP_DET
farci	farci	ADJ
de	de	DET
tiges	tige	NOUN
de	de	DET
rhubarbe	rhubarbe	NOUN
et	et	CCONJ
de	de	DET
groseilles	groseille	NOUN
vertes	vert	ADJ
,	,	PUNCTclause
de	de	DET
un	un	PRON
morceau	morceau	VERB
de	de	DET
chester	chester	NOUN
,	,	PUNCTclause
—	—	PUNCTclause
le	le:PRON	PRON
tout	tout	ADJ
arrosé	arrosé	ADJ
de	de	DET
quelques	quelque	NOUN
tasses	tasser	VERB
de	de	DET
cet	ce	NOUN
excellent	excellent	ADJ
thé	thé	VERB
,	,	PUNCTclause
spécialement	spécialement	ADV
recueilli	recueillir	VERB
pour	pour	ADP
l'	le	DET
office	office	NOUN
du	du	ADP_DET
Reform-Club	Reform-Club	PROPN
.	.	PUNCTsent
↵↵	↵↵	PUNCTstruct
À	à	ADP
midi	midi	NOUN
quarante-sept	quarante-sept	NUM
,	,	PUNCTclause
ce	ce	DET
gentleman	gentleman	NOUN
se	se	PRON
leva	lever	VERB
et	et	CCONJ
se	se	PRON
dirigea	diriger	VERB
vers	vers	ADP
le	le	DET
grand	grand	ADJ
salon	salon	NOUN
,	,	PUNCTclause
somptueuse	somptueux	ADJ
pièce	pièce	NOUN
,	,	PUNCTclause
ornée	orner	VERB
de	de	DET
peintures	peinture	NOUN
richement	richement	ADJ
encadrées	encadrer	VERB
.	.	PUNCTsent
Là	là	ADV
,	,	PUNCTclause
un	un	DET
domestique	domestique	NOUN
lui	lui	PRON
remit	remettre	VERB
le	le	DET
Times	Times	PROPN
non	non	INTJ
coupé	coupé	NOUN
,	,	PUNCTclause
dont	dont	PRON
Phileas	Phileas	PROPN
Fogg	Fogg	PROPN
opéra	opérer	VERB
le	le	DET
laborieux	laborieux	NUM
dépliage	dépliage	NOUN
avec	avec	ADP
une	un	DET
sûreté	sûreté	NOUN
de	de	DET
main	main	NOUN
qui	qui	PRON
dénotait	dénoter	VERB
une	un	DET
grande	grand	ADJ
habitude	habitude	NOUN
de	de	DET
cette	ce	NOUN
difficile	difficile	ADJ
opération	opération	NOUN
.	.	PUNCTsent
La	le	DET
lecture	lecture	NOUN
de	de	DET
ce	ce	PRON
journal	journal	PRON
occupa	occuper	VERB
Phileas	Phileas	PROPN
Fogg	Fogg	PROPN
jusque	jusque	ADP
à	à	ADP
trois	trois	NUM
heures	heure	NOUN
quarante-cinq	quarante-cinq	NUM
,	,	PUNCTclause
et	et	CCONJ
celle	celle	PRON
du	du	ADP_DET
Standard	Standard	PROPN
—	—	PUNCTclause
qui	qui	PRON
lui	lui	PRON
succéda	succéder	VERB
—	—	PUNCTclause
dura	durer	AUX
jusque	jusque	ADP
au	au	ADP_DET
dîner	dîner	NOUN
.	.	PUNCTsent
Ce	ce	DET
repas	repas	NOUN
se	se	PRON
accomplit	accomplir	VERB
dans	dans	ADP
les	le	DET
mêmes	même	ADJ
conditions	condition	NOUN
que	que	SCONJ
le	le	DET
déjeuner	déjeuner	NOUN
,	,	PUNCTclause
avec	avec	ADP
adjonction	adjonction	NOUN
de	de	DET
«	«	PUNCTclause
royal	royal	NOUN
british	british	ADJ
sauce	sauce	ADP
»	»	PUNCTclause
.	.	PUNCTsent
↵↵	↵↵	PUNCTstruct
À	à	ADP
six	six	NUM
heures	heure	NOUN
moins	moins	ADV
vingt	vingt	NUM
,	,	PUNCTclause
le	le	DET
gentleman	gentleman	NOUN
reparut	reparaître	VERB
dans	dans	ADP
le	le	DET
grand	grand	ADJ
salon	salon	NOUN
et	et	CCONJ
se	se	PRON
absorba	absorber	VERB
dans	dans	ADP
la	le	DET
lecture	lecture	NOUN
du	du	ADP_DET
Morning	Morning	PROPN
Chronicle	Chronicle	PROPN
.	.	PUNCTsent
↵↵	↵↵	PUNCTstruct
Une	un	DET
demi-heure	demi-heure	NOUN
plus tard	plus tard	ADV
,	,	PUNCTclause
divers	divers	DET
membres	membre	NOUN
du	du	ADP_DET
Reform-Club	Reform-Club	PROPN
faisaient	faire	AUX
leur	leur	DET
entrée	entrée	NOUN
et	et	CCONJ
se	se	PRON
approchaient	approcher	VERB
de	de	DET
la	le	AUX
cheminée	cheminée	NOUN
,	,	PUNCTclause
où	où	ADV
brûlait	brûler	VERB
un	un	DET
feu	feu	NOUN
de	de	DET
houille	houille	NOUN
.	.	PUNCTsent
ce	ce	PRON
étaient	être	AUX
les	le	DET
partenaires	partenaire	NOUN
habituels	habituel	ADJ
de	de	DET
monsieur	monsieur	NOUN
Phileas	Phileas	PROPN
Fogg	Fogg	PROPN
,	,	PUNCTclause
comme	comme	ADP
lui	lui	PRON
enragés	enragé	VERB
joueurs	joueur	NOUN
de	de	DET
whist	whist	NOUN
:	:	PUNCTclause
l'	le	DET
ingénieur	ingénieur	NOUN
Andrew	Andrew	PROPN
Stuart	Stuart	PROPN
,	,	PUNCTclause
les	le	DET
banquiers	banquier	NOUN
John	John	PROPN
Sullivan	Sullivan	PROPN
et	et	CCONJ
Samuel	Samuel	PROPN
Fallentin	Fallentin	PROPN
,	,	PUNCTclause
le	le	DET
brasseur	brasseur	NOUN
Thomas	Thomas	PROPN
Flanagan	Flanagan	PROPN
,	,	PUNCTclause
Gauthier	Gauthier	PROPN
Ralph	Ralph	PROPN
,	,	PUNCTclause
un	un	DET
des	un	NOUN
administrateurs	administrateur	NOUN
de	de	DET
la	le	AUX
Banque	banque	NOUN
de	de	DET
Angleterre	Angleterre	PROPN
,	,	PUNCTclause
—	—	PUNCTclause
personnages	personnage	NOUN
riches	riche	ADJ
et	et	CCONJ
considérés	considérer	VERB
,	,	PUNCTclause
même	même	ADV
dans	dans	ADP
ce	ce	DET
club	club	NOUN
qui	qui	PRON
compte	compter	VERB
parmi	parmi	ADP
ses	son	DET
membres	membre	NOUN
les	le	DET
sommités	sommité	NOUN
de	de	DET
l'	le	NOUN
industrie	industrie	NOUN
et	et	CCONJ
de	de	DET
la	le:PRON	PRON
finance	financer	VERB
.	.	PUNCTsent
↵↵	↵↵	PUNCTstruct
«	«	PUNCTclause
hé	hé	VERB
bien	bien	ADV
,	,	PUNCTclause
Ralph	Ralph	PROPN
,	,	PUNCTclause
demanda	demander	VERB
Thomas	Thomas	PROPN
Flanagan	Flanagan	PROPN
,	,	PUNCTclause
où	où	ADV
en	en	ADP
est	est	NOUN
cette	ce	DET
affaire	affaire	NOUN
de	de	DET
vol	vol	NOUN
?	?	PUNCTsent
↵↵	↵↵	PUNCTstruct
—	—	PUNCTclause
hé	hé	NOUN
bien	bien	ADV
,	,	PUNCTclause
répondit	répondre	VERB
Andrew	Andrew	PROPN
Stuart	Stuart	PROPN
,	,	PUNCTclause
la	le	DET
Banque	banque	NOUN
en	en	ADP
sera	être	NOUN
pour	pour	ADP
son	son	DET
argent	argent	NOUN
.	.	PUNCTsent
↵↵	↵↵	PUNCTstruct
—	—	PUNCTclause
je	je	PRON
espère	espérer	VERB
,	,	PUNCTclause
au contraire	au contraire	ADV
,	,	PUNCTclause
dit	dire	VERB
Gauthier	Gauthier	PROPN
Ralph	Ralph	PROPN
,	,	PUNCTclause
que	que	SCONJ
nous	nous	PRON
mettrons	mettre	VERB
la	le	DET
main	main	NOUN
sur	sur	ADP
l'	le	DET
auteur	auteur	NOUN
du	du	ADP_DET
vol.	vol.	PRON
Des	un	DET
inspecteurs	inspecteur	NOUN
de	de	DET
police	police	NOUN
,	,	PUNCTclause
gens	gens	NOUN
fort	fort	ADJ
habiles	habile	ADJ
,	,	PUNCTclause
ont	avoir	AUX
été	être	AUX
envoyés	envoyer	VERB
en	en	ADP
Amérique	Amérique	PROPN
et	et	CCONJ
en	en	ADP
Europe	Europe	PROPN
,	,	PUNCTclause
dans	dans	ADP
tous	tout	ADJ
les	le	DET
principaux	principal	ADJ
ports	port	NOUN
de	de	DET
embarquement	embarquement	NOUN
et	et	CCONJ
de	de	DET
débarquement	débarquement	NOUN
,	,	PUNCTclause
et	et	CCONJ
il	il	PRON
sera	être	AUX
difficile	difficile	ADJ
à	à	ADP
ce	ce	PRON
monsieur	monsieur	VERB
de	de	DET
leur	leur	DET
échapper	échapper	ADJ
.	.	PUNCTsent
↵↵	↵↵	PUNCTstruct
—	—	PUNCTclause
Mais	mais	CCONJ
on	on	PRON
a	avoir	AUX
donc	donc	ADV
le	le	DET
signalement	signalement	NOUN
du	du	ADP_DET
voleur	voleur	NOUN
?	?	PUNCTsent
demanda	demander	VERB
Andrew	Andrew	PROPN
Stuart	Stuart	PROPN
.	.	PUNCTsent
↵↵	↵↵	PUNCTstruct
—	—	PUNCTclause
D'abord	d'abord	ADV
,	,	PUNCTclause
ce	ce	PRON
ne	ne	ADV
est	être	AUX
pas	pas	ADV
un	un	DET
voleur	voleur	NOUN
,	,	PUNCTclause
répondit	répondre	VERB
sérieusement	sérieusement	ADV
Gauthier	Gauthier	PROPN
Ralph	Ralph	PROPN
.	.	PUNCTsent
↵↵	↵↵	PUNCTstruct
—	—	PUNCTclause
Comment	comment	ADV
,	,	PUNCTclause
ce	ce	DET
ne	ne	ADV
est	être	AUX
pas	pas	ADV
un	un	DET
voleur	voleur	NOUN
,	,	PUNCTclause
cet	ce	DET
individu	individu	NOUN
qui	qui	PRON
a	avoir	AUX
soustrait	soustraire	VERB
cinquante-cinq	cinquante-cinq	NUM
mille	mille	NUM
livres	livre	NOUN
en	en	ADP
bank-notes	bank-notes	NOUN
(	(	PUNCTclause
1	1	NUM
million	million	NOUN
375	375	NUM
000	000	NUM
francs	franc	NOUN
)	)	PUNCTclause
?	?	PUNCTsent
↵↵	↵↵	PUNCTstruct
—	—	PUNCTclause
Non	non	INTJ
,	,	PUNCTclause
répondit	répondre	VERB
Gauthier	Gauthier	PROPN
Ralph	Ralph	PROPN
.	.	PUNCTsent
↵↵	↵↵	PUNCTstruct
—	—	PUNCTclause
ce	ce	PRON
est	être	AUX
donc	donc	ADV
un	un	DET
industriel	industriel	NOUN
?	?	PUNCTsent
dit	dire	VERB
John	John	PROPN
Sullivan	Sullivan	PROPN
.	.	PUNCTsent
↵↵	↵↵	PUNCTstruct
—	—	PUNCTclause
Le	le:PRON	PRON
Morning	Morning	PROPN
Chronicle	Chronicle	PROPN
assure	assurer	VERB
que	que	SCONJ
ce	ce	PRON
est	être	AUX
un	un	DET
gentleman	gentleman	NOUN
.	.	PUNCTsent
»	»	PUNCTclause
↵↵	↵↵	PUNCTstruct
Celui	celui	PRON
qui	qui	PRON
fit	faire	AUX
cette	ce	DET
réponse	réponse	NOUN
ne	ne	ADV
était	être	AUX
autre	autre	ADJ
que	que	SCONJ
Phileas	Phileas	PROPN
Fogg	Fogg	PROPN
,	,	PUNCTclause
dont	dont	PRON
la	le	DET
tête	tête	NOUN
émergeait	émerger	VERB
alors	alors	ADV
du	du	ADP_DET
flot	flot	NOUN
de	de	DET
papier	papier	NOUN
amassé	amasser	VERB
autour de	autour de	ADP
lui	lui	PRON
.	.	PUNCTsent
en même temps	en même temps	ADV
,	,	PUNCTclause
Phileas	Phileas	PROPN
Fogg	Fogg	PROPN
salua	saluer	VERB
ses	son	DET
collègues	collègue	NOUN
,	,	PUNCTclause
qui	qui	PRON
lui	lui	PRON
rendirent	rendre	VERB
son	son	DET
salut	salut	NOUN
.	.	PUNCTsent
↵↵	↵↵	PUNCTstruct
Le	le	DET
fait	faire	AUX
dont	dont	PRON
il	il	PRON
était	être	AUX
question	question	NOUN
,	,	PUNCTclause
que	que	SCONJ
les	le	DET
divers	divers	ADJ
journaux	journal	NOUN
du	du	ADP_DET
Royaume-Uni	Royaume-Uni	PROPN
discutaient	discuter	VERB
avec	avec	ADP
ardeur	ardeur	NOUN
,	,	PUNCTclause
se	se	PRON
était	être	AUX
accompli	accomplir	VERB
trois	trois	NUM
jours	jour	NOUN
auparavant	auparavant	ADV
,	,	PUNCTclause
le	le	DET
29	29	NUM
septembre	septembre	NOUN
.	.	PUNCTsent
Une	un	DET
liasse	lier	VERB
de	de	DET
bank-notes	bank-notes	NOUN
,	,	PUNCTclause
formant	former	VERB
l'	le	DET
énorme	énorme	ADJ
somme	somme	NOUN
de	de	DET
cinquante-cinq	cinquante-cinq	NUM
mille	mille	NUM
livres	livre	NOUN
,	,	PUNCTclause
avait	avoir	AUX
été	être	AUX
prise	prendre	VERB
sur	sur	ADP
la	le	DET
tablette	tablette	NOUN
du	du	ADP_DET
caissier	caissier	NOUN
principal	principal	ADJ
de	de	DET
la	le	AUX
Banque	banque	NOUN
de	de	DET
Angleterre	Angleterre	PROPN
.	.	PUNCTsent
↵↵	↵↵	PUNCTstruct
À	à	ADP
qui	qui	PRON
se	se	PRON
étonnait	étonner	VERB
que	que	SCONJ
un	un	DET
tel	tel	ADJ
vol	vol	NOUN
eût	avoir	ADJ
pu	pouvoir	VERB
se	se	PRON
accomplir	accomplir	VERB
aussi	aussi	ADV
facilement	facilement	ADV
,	,	PUNCTclause
le	le	DET
sous-gouverneur	sous-gouverneur	NOUN
Gauthier	Gauthier	PROPN
Ralph	Ralph	PROPN
se	se	PRON
bornait	borner	VERB
à	à	ADP
répondre	répondre	VERB
que	que	SCONJ
à	à	ADP
ce	ce	DET
moment	moment	NOUN
même	même	ADV
,	,	PUNCTclause
le	le	DET
caissier	caissier	NOUN
se	se	PRON
occupait	occuper	VERB
de	de	DET
enregistrer	enregistrer	NOUN
une	un	DET
recette	recette	NOUN
de	de	DET
trois	trois	NUM
shillings	shilling	NOUN
six	six	NUM
pence	pence	NOUN
,	,	PUNCTclause
et	et	CCONJ
que	que	SCONJ
on	on	PRON
ne	ne	ADV
saurait	savoir	VERB
avoir	avoir	AUX
l'	le	DET
œil	œil	NOUN
à	à	ADP
tout	tout	ADJ
.	.	PUNCTsent
↵↵	↵↵	PUNCTstruct
Mais	mais	CCONJ
il	il	PRON
convient	convenir	VERB
de	de	DET
faire	faire	AUX
observer	observer	VERB
ici	ici	ADV
—	—	PUNCTclause
ce	ce	PRON
qui	qui	PRON
rend	rendre	VERB
le	le	DET
fait	faire	AUX
plus	plus	ADV
explicable	explicable	ADJ
—	—	PUNCTclause
que	que	SCONJ
cet	ce	DET
admirable	admirable	NOUN
établissement	établissement	VERB
de	de	DET
«	«	PUNCTclause
Bank	Bank	PROPN
of	of	X
England	England	PROPN
»	»	PUNCTclause
paraît	paraître	VERB
se	se	PRON
soucier	soucier	VERB
extrêmement	extrêmement	ADV
de	de	DET
la	le	AUX
dignité	dignité	NOUN
du	du	ADP_DET
public	public	NOUN
.	.	PUNCTsent
Point	point	ADV
de	de	DET
gardes	garde	NOUN
,	,	PUNCTclause
point	point	NOUN
de	de	DET
invalides	invalide	NOUN
,	,	PUNCTclause
point	point	NOUN
de	de	DET
grillages	grillage	NOUN
!	!	PUNCTsent
l'	le	DET
or	or	NOUN
,	,	PUNCTclause
l'	le	DET
argent	argent	NOUN
,	,	PUNCTclause
les	le	DET
billets	billet	NOUN
sont	être	AUX
exposés	exposer	VERB
librement	librement	ADV
et	et	CCONJ
pour	pour	ADP
ainsi	ainsi	ADV
dire	dire	VERB
à	à	ADP
la	le	DET
merci	merci	NOUN
du	du	ADP_DET
premier	premier	ADJ
venu	venir	NOUN
.	.	PUNCTsent
On	on	PRON
ne	ne	ADV
saurait	savoir	VERB
mettre	mettre	VERB
en	en	ADP
suspicion	suspicion	NOUN
l'	le	DET
honorabilité	honorabilité	NOUN
de	de	DET
un	un	PRON
passant	passer	VERB
quelconque	quelconque	ADV
.	.	PUNCTsent
Un	un	PRON
des	un	ADP_DET
meilleurs	meilleur	ADJ
observateurs	observateur	NOUN
des	un	ADP_DET
usages	usage	NOUN
anglais	anglais	ADJ
raconte	raconter	VERB
même	même	ADJ
ceci	ceci	PRON
:	:	PUNCTclause
Dans	dans	ADP
une	un	DET
des	un	NOUN
salles	salle	NOUN
de	de	DET
la	le	AUX
Banque	banque	NOUN
où	où	ADV
il	il	PRON
se	se	PRON
trouvait	trouver	VERB
un	un	DET
jour	jour	NOUN
,	,	PUNCTclause
il	il	PRON
eut	avoir	VERB
la	le	DET
curiosité	curiosité	NOUN
de	de	DET
voir	voir	AUX
de plus	de plus	ADV
près	près	ADV
un	un	DET
lingot	lingot	NOUN
de	de	DET
or	or	NOUN
pesant	peser	VERB
sept	sept	NUM
à	à	ADP
huit	huit	NUM
livres	livre	NOUN
,	,	PUNCTclause
qui	qui	PRON
se	se	PRON
trouvait	trouver	VERB
exposé	exposer	VERB
sur	sur	ADP
la	le	DET
tablette	tablette	NOUN
du	du	ADP_DET
caissier	caissier	NOUN
;	;	PUNCTclause
il	il	PRON
prit	prendre	VERB
ce	ce	DET
lingot	lingot	NOUN
,	,	PUNCTclause
l'	le	DET
examina	examiner	NOUN
,	,	PUNCTclause
le	le	DET
passa	passer	NOUN
à	à	ADP
son	son	DET
voisin	voisin	NOUN
,	,	PUNCTclause
celui	celui	PRON
à	à	ADP
un	un	DET
autre	autre	ADJ
,	,	PUNCTclause
si bien que	si bien que	SCONJ
le	le	DET
lingot	lingot	NOUN
,	,	PUNCTclause
de	de	DET
main	main	NOUN
en	en	ADP
main	main	NOUN
,	,	PUNCTclause
se	se	PRON
en	en	ADP
alla	aller	VERB
jusque	jusque	ADP
au	au	ADP_DET
fond	fond	NOUN
de	de	DET
un	un	PRON
corridor	corridor	VERB
obscur	obscur	ADJ
,	,	PUNCTclause
et	et	CCONJ
ne	ne	ADV
revint	revenir	VERB
que	que	ADV
une	un	DET
demi-heure	demi-heure	NOUN
après	après	ADP
reprendre	reprendre	VERB
sa	son	DET
place	place	NOUN
,	,	PUNCTclause
sans que	sans que	SCONJ
le	le	DET
caissier	caissier	NOUN
eût	avoir	CCONJ
seulement	seulement	ADV
levé	lever	VERB
la	le	DET
tête	tête	NOUN
.	.	PUNCTsent
↵↵	↵↵	PUNCTstruct
Mais	mais	CCONJ
,	,	PUNCTclause
le	le	DET
29	29	NUM
septembre	septembre	NOUN
,	,	PUNCTclause
les	le	DET
choses	choser	VERB
ne	ne	ADV
se	se	PRON
passèrent	passer	VERB
pas	pas	ADV
tout	tout	ADJ
à	à	ADP
fait	faire	AUX
ainsi	ainsi	ADV
.	.	PUNCTsent
La	le	DET
liasse	lier	VERB
de	de	DET
bank-notes	bank-notes	NOUN
ne	ne	ADV
revint	revenir	VERB
pas	pas	ADV
,	,	PUNCTclause
et	et	CCONJ
quand	quand	SCONJ
la	le	DET
magnifique	magnifique	ADJ
horloge	horloge	NOUN
,	,	PUNCTclause
posée	poser	VERB
au-dessus	au-dessus	ADV
du	du	ADP_DET
«	«	PUNCTclause
drawing-office	drawing-office	NOUN
»	»	PUNCTclause
,	,	PUNCTclause
sonna	sonner	VERB
à	à	ADP
cinq	cinq	NUM
heures	heure	NOUN
la	le	DET
fermeture	fermeture	NOUN
des	un	ADP_DET
bureaux	bureau	NOUN
,	,	PUNCTclause
la	le	DET
Banque	banque	NOUN
de	de	DET
Angleterre	Angleterre	PROPN
ne	ne	ADV
avait	avoir	AUX
plus	plus	ADV
que	que	SCONJ
à	à	ADP
passer	passer	VERB
cinquante-cinq	cinquante-cinq	NUM
mille	mille	NUM
livres	livre	NOUN
par	par	ADP
le	le	DET
compte	compte	NOUN
de	de	DET
profits	profit	NOUN
et	et	CCONJ
pertes	perte	NOUN
.	.	PUNCTsent
↵↵	↵↵	PUNCTstruct
Le	le	DET
vol	vol	NOUN
bien	bien	ADV
et	et	CCONJ
dûment	dûment	ADV
reconnu	reconnaître	VERB
,	,	PUNCTclause
des	un	DET
agents	agent	NOUN
,	,	PUNCTclause
des	un	DET
«	«	PUNCTclause
détectives	détective	NOUN
»	»	PUNCTclause
,	,	PUNCTclause
choisis	choisir	VERB
parmi	parmi	ADP
les	le	DET
plus	plus	ADV
habiles	habile	ADJ
,	,	PUNCTclause
furent	être	AUX
envoyés	envoyer	VERB
dans	dans	ADP
les	le	DET
principaux	principal	ADJ
ports	port	NOUN
,	,	PUNCTclause
à	à	ADP
Liverpool	Liverpool	PROPN
,	,	PUNCTclause
à	à	ADP
Glasgow	Glasgow	PROPN
,	,	PUNCTclause
au	au	ADP_DET
Havre	Havre	PROPN
,	,	PUNCTclause
à	à	ADP
Suez	Suez	PROPN
,	,	PUNCTclause
à	à	ADP
Brindisi	Brindisi	PROPN
,	,	PUNCTclause
à	à	ADP
New York	New York	PROPN
,	,	PUNCTclause
etc.	etc.	NOUN
,	,	PUNCTclause
avec	avec	ADP
promesse	promesse	NOUN
,	,	PUNCTclause
en	en	ADP
cas	cas	NOUN
de	de	DET
succès	succès	NOUN
,	,	PUNCTclause
de	de	DET
une	un	PRON
prime	primer	VERB
de	de	DET
deux	deux	NUM
mille	mille	NUM
livres	livre	NOUN
(	(	PUNCTclause
50	50	NUM
000	000	NUM
F	F	PROPN
)	)	PUNCTclause
et	et	CCONJ
cinq	cinq	NUM
pour	pour	ADP
cent	cent	NUM
de	de	DET
la	la	PUNCT
somme	somme	NOUN
qui	qui	PRON
serait	être	AUX
retrouvée	retrouver	VERB
.	.	PUNCTsent
En	en	ADP
attendant	attendre	VERB
les	le	DET
renseignements	renseignement	NOUN
que	que	ADV
devait	devoir	VERB
fournir	fournir	VERB
l'	le	DET
enquête	enquête	NOUN
immédiatement	immédiatement	ADV
commencée	commencer	VERB
,	,	PUNCTclause
ces	ce	DET
inspecteurs	inspecteur	NOUN
avaient	avoir	VERB
pour	pour	ADP
mission	mission	NOUN
de	de	DET
observer	observer	NOUN
scrupuleusement	scrupuleusement	ADV
tous	tout	ADJ
les	le	DET
voyageurs	voyageur	NOUN
en	en	ADP
arrivée	arrivée	NOUN
ou	ou	CCONJ
en	en	ADP
partance	partance	NOUN
.	.	PUNCTsent
↵↵	↵↵	PUNCTstruct
Or	or	NOUN
,	,	PUNCTclause
précisément	précisément	ADV
,	,	PUNCTclause
ainsi	ainsi	ADV
que	que	SCONJ
le	le	DET
disait	dire	NOUN
le	le	ADP
Morning	Morning	PROPN
Chronicle	Chronicle	PROPN
,	,	PUNCTclause
on	on	PRON
avait	avoir	VERB
lieu	lieu	NOUN
de	de	DET
supposé que	supposé que	ADP
l'	le	DET
auteur	auteur	NOUN
du	du	ADP_DET
vol	vol	NOUN
ne	ne	ADV
faisait	faire	AUX
partie	partie	NOUN
de	de	DET
aucune	aucun	PRON
des	un	ADP_DET
sociétés	société	NOUN
de	de	DET
voleurs	voleur	NOUN
de	de	DET
Angleterre	Angleterre	PROPN
.	.	PUNCTsent
Pendant	pendant	ADP
cette	ce	DET
journée	journée	NOUN
du	du	ADP_DET
29	29	NUM
septembre	septembre	NOUN
,	,	PUNCTclause
un	un	DET
gentleman	gentleman	NOUN
bien	bien	ADV
mis	mettre	VERB
,	,	PUNCTclause
de	de	DET
bonnes	bon	ADJ
manières	manière	NOUN
,	,	PUNCTclause
l'	le	DET
air	air	NOUN
distingué	distinguer	VERB
,	,	PUNCTclause
avait	avoir	AUX
été	être	AUX
remarqué	remarquer	VERB
,	,	PUNCTclause
qui	qui	PRON
allait	aller	VERB
et	et	CCONJ
venait	venir	VERB
dans	dans	ADP
la	le	DET
salle	salle	NOUN
des	un	ADP_DET
paiements	paiement	NOUN
,	,	PUNCTclause
théâtre	théâtre	NOUN
du	du	ADP_DET
vol.	vol.	SCONJ
l'	le	DET
enquête	enquête	NOUN
avait	avoir	AUX
permis	permettre	VERB
de	de	DET
refaire	refaire	NOUN
assez	assez	ADV
exactement	exactement	ADV
le	le	DET
signalement	signalement	NOUN
de	de	DET
ce	ce	PRON
gentleman	gentleman	NOUN
,	,	PUNCTclause
signalement	signalement	NOUN
qui	qui	PRON
fut	être	AUX
aussitôt	aussitôt	ADV
adressé	adresser	VERB
à	à	ADP
tous	tout	ADJ
les	le	DET
détectives	détective	NOUN
du	du	ADP_DET
Royaume-Uni	Royaume-Uni	PROPN
et	et	CCONJ
du	du	ADP_DET
continent	continent	NOUN
quelques	quelque	DET
bons	bon	ADJ
esprits	esprit	NOUN
—	—	PUNCTclause
et	et	CCONJ
Gauthier	Gauthier	PROPN
Ralph	Ralph	PROPN
était	être	AUX
du	du	ADP_DET
nombre	nombre	NOUN
—	—	PUNCTclause
se	se	PRON
croyaient	croire	VERB
donc	donc	ADV
fondés	fonder	VERB
à	à	ADP
espérer	espérer	VERB
que	que	SCONJ
le	le	DET
voleur	voleur	NOUN
ne	ne	ADV
échapperait	échapper	VERB
pas	pas	ADV
.	.	PUNCTsent
↵↵	↵↵	PUNCTstruct
Comme	comme	ADP
on	on	PRON
le	le:PRON	PRON
pense	penser	VERB
,	,	PUNCTclause
ce	ce	PRON
fait	faire	AUX
était	être	VERB
à	à	ADP
l'	le	DET
ordre	ordre	NOUN
du	du	ADP_DET
jour	jour	NOUN
à	à	ADP
Londres	Londres	PROPN
et	et	CCONJ
dans	dans	ADP
toute	tout	ADJ
l'	le	DET
Angleterre	Angleterre	PROPN
.	.	PUNCTsent
On	on	PRON
discutait	discuter	VERB
,	,	PUNCTclause
on	on	PRON
se	se	PRON
passionnait	passionner	VERB
pour	pour	ADP
ou	ou	PRON
contre	contre	ADP
les	le	DET
probabilités	probabilité	NOUN
du	du	ADP_DET
succès	succès	NOUN
de	de	DET
la	la	NUM
police	police	NOUN
métropolitaine	métropolitain	ADJ
.	.	PUNCTsent
On	on	PRON
ne	ne	ADV
se	se	PRON
étonnera	étonner	VERB
donc	donc	ADV
pas	pas	ADV
de	de	DET
entendre	entendre	SCONJ
les	le	DET
membres	membre	NOUN
du	du	ADP_DET
Reform-Club	Reform-Club	PROPN
traiter	traiter	VERB
la	le	DET
même	même	ADJ
question	question	NOUN
,	,	PUNCTclause
d'autant	d'autant	ADP
plus	plus	ADV
que	que	SCONJ
l'un	l'un	PRON
des	un	ADP_DET
sous-gouverneurs	sous-gouverneur	NOUN
de	de	DET
la	le	SCONJ
Banque	banque	NOUN
se	se	PRON
trouvait	trouver	VERB
parmi	parmi	ADP
eux	eux	PRON
.	.	PUNCTsent
↵↵	↵↵	PUNCTstruct
l'	le	DET
honorable	honorable	ADJ
Gauthier	Gauthier	PROPN
Ralph	Ralph	PROPN
ne	ne	ADV
voulait	vouloir	VERB
pas	pas	ADV
douter	douter	VERB
du	du	ADP_DET
résultat	résultat	NOUN
des	un	ADP_DET
recherches	recherche	NOUN
,	,	PUNCTclause
estimant	estimer	VERB
que	que	SCONJ
la	le	DET
prime	prime	NOUN
offerte	offrir	VERB
devrait	devoir	VERB
singulièrement	singulièrement	ADV
aiguiser	aiguiser	VERB
le	le	DET
zèle	zèle	NOUN
et	et	CCONJ
l'	le	DET
intelligence	intelligence	NOUN
des	un	ADP_DET
agents	agent	NOUN
.	.	PUNCTsent
Mais	mais	CCONJ
son	son	DET
collègue	collègue	NOUN
,	,	PUNCTclause
Andrew	Andrew	PROPN
Stuart	Stuart	PROPN
,	,	PUNCTclause
était	être	AUX
loin de	loin de	ADP
partager	partager	VERB
cette	ce	DET
confiance	confiance	NOUN
.	.	PUNCTsent
La	le	DET
discussion	discussion	NOUN
continua	continuer	VERB
donc	donc	ADV
entre	entre	ADP
les	le	DET
gentlemen	gentleman	NOUN
,	,	PUNCTclause
qui	qui	PRON
se	se	PRON
étaient	être	AUX
assis	asseoir	VERB
à	à	ADP
une	un	DET
table	table	NOUN
de	de	DET
whist	whist	NOUN
,	,	PUNCTclause
Stuart	Stuart	PROPN
devant	devant	ADP
Flanagan	Flanagan	PROPN
,	,	PUNCTclause
Fallentin	Fallentin	PROPN
devant	devant	ADP
Phileas	Phileas	PROPN
Fogg	Fogg	PROPN
.	.	PUNCTsent
Pendant	pendant	ADP
le	le	DET
jeu	jeu	NOUN
,	,	PUNCTclause
les	le	DET
joueurs	joueur	NOUN
ne	ne	ADV
parlaient	parler	VERB
pas	pas	ADV
,	,	PUNCTclause
mais	mais	CCONJ
entre	entre	ADP
les	le	DET
robres	robre	NOUN
,	,	PUNCTclause
la	le	DET
conversation	conversation	NOUN
interrompue	interrompu	ADJ
reprenait	reprendre	VERB
de plus	de plus	ADV
belle	beau	ADJ
.	.	PUNCTsent
↵↵	↵↵	PUNCTstruct
«	«	PUNCTclause
Je	je	PRON
soutiens	soutenir	VERB
,	,	PUNCTclause
dit	dire	VERB
Andrew	Andrew	PROPN
Stuart	Stuart	PROPN
,	,	PUNCTclause
que	que	SCONJ
les	le	DET
chances	chance	NOUN
sont	être	AUX
en	en	ADP
faveur	faveur	NOUN
du	du	ADP_DET
voleur	voleur	NOUN
,	,	PUNCTclause
qui	qui	PRON
ne	ne	ADV
peut	pouvoir	VERB
manque de	manque de	ADP
être	être	AUX
un	un	DET
habile	habile	NOUN
homme	homme	ADJ
!	!	PUNCTsent
↵↵	↵↵	PUNCTstruct
—	—	PUNCTclause
Allons	aller	VERB
donc	donc	ADV
!	!	PUNCTsent
répondit	répondre	VERB
Ralph	Ralph	PROPN
,	,	PUNCTclause
il	il	PRON
ne	ne	ADV
y	y	PRON
a	avoir	VERB
plus	plus	ADV
un	un	DET
seul	seul	ADJ
pays	pays	NOUN
Dans	dans	ADP
lequel	lequel	PRON
il	il	PRON
puisse	pouvoir	VERB
se	se	PRON
réfugier	réfugier	VERB
.	.	PUNCTsent
↵↵	↵↵	PUNCTstruct
—	—	PUNCTclause
par exemple	par exemple	ADV
!	!	PUNCTsent
↵↵	↵↵	PUNCTstruct
—	—	PUNCTclause
Où	où	ADV
voulez	vouloir	VERB
vous	vous	PRON
que	que	SCONJ
il	il	PRON
aille	aller	VERB
?	?	PUNCTsent
↵↵	↵↵	PUNCTstruct
—	—	PUNCTclause
Je	je	PRON
ne	ne	ADV
en	en	PRON
sais	savoir	VERB
rien	rien	PRON
,	,	PUNCTclause
répondit	répondre	VERB
Andrew	Andrew	PROPN
Stuart	Stuart	PROPN
,	,	PUNCTclause
mais	mais	CCONJ
,	,	PUNCTclause
après	après	ADP
tout	tout	ADJ
,	,	PUNCTclause
la	le	DET
terre	terre	NOUN
est	être	AUX
assez	assez	ADV
vaste	vaste	ADJ
.	.	PUNCTsent
↵↵	↵↵	PUNCTstruct
—	—	PUNCTclause
Elle	elle	PRON
l'	le:PRON	PRON
était	être	AUX
autrefois	autrefois	ADV
…	…	PUNCTsent
»	»	PUNCTclause
,	,	PUNCTclause
dit	dire	VERB
à	à	ADP
mi-voix	mi-voix	NOUN
Phileas	Phileas	PROPN
Fogg	Fogg	PROPN
.	.	PUNCTsent
Puis	puis	CCONJ
:	:	PUNCTclause
«	«	PUNCTsent
À	à	ADP
vous	vous	PRON
de	de	DET
couper	couper	NOUN
,	,	PUNCTclause
monsieur	monsieur	NOUN
»	»	PUNCTclause
,	,	PUNCTclause
ajouta	ajouter	VERB
il	il	PRON
en	en	PRON
présentant	présenter	VERB
les	le	DET
cartes	carte	NOUN
à	à	ADP
Thomas	Thomas	PROPN
Flanagan	Flanagan	PROPN
.	.	PUNCTsent
↵↵	↵↵	PUNCTstruct
La	le	DET
discussion	discussion	NOUN
fut	être	AUX
suspendue	suspendre	VERB
pendant	pendant	ADP
le	le	DET
robre	robre	NOUN
.	.	PUNCTsent
Mais	mais	CCONJ
bientôt	bientôt	ADV
Andrew	Andrew	PROPN
Stuart	Stuart	PROPN
la	le	DET
reprenait	reprendre	NOUN
,	,	PUNCTclause
disant	dire	VERB
:	:	PUNCTclause
↵↵	↵↵	PUNCTstruct
«	«	PUNCTclause
Comment	comment	ADV
,	,	PUNCTclause
autrefois	autrefois	ADV
!	!	PUNCTsent
est-ce que	est-ce que	ADV
la	le	DET
terre	terre	NOUN
a	avoir	AUX
diminué	diminuer	VERB
,	,	PUNCTclause
par hasard	par hasard	ADV
?	?	PUNCTsent
↵↵	↵↵	PUNCTstruct
—	—	PUNCTclause
sans doute	sans doute	ADV
,	,	PUNCTclause
répondit	répondre	VERB
Gauthier	Gauthier	PROPN
Ralph	Ralph	PROPN
.	.	PUNCTsent
Je	je	PRON
suis	être	AUX
de	de	DET
l'	le	ADJ
avis	avis	NOUN
de	de	DET
monsieur	monsieur	NOUN
Fogg	Fogg	PROPN
.	.	PUNCTsent
La	le	DET
terre	terre	NOUN
a	avoir	AUX
diminué	diminuer	VERB
,	,	PUNCTclause
puisque	puisque	SCONJ
on	on	PRON
la	le:PRON	PRON
parcourt	parcourir	VERB
maintenant	maintenant	ADV
dix	dix	NUM
fois	fois	NOUN
plus	plus	ADV
vite	vite	ADJ
que	que	SCONJ
il y a	il y a	VERB
cent	cent	NUM
ans	an	NOUN
.	.	PUNCTsent
Et	et	CCONJ
ce	ce	PRON
est	être	AUX
ce	ce	PRON
qui	qui	PRON
,	,	PUNCTclause
dans	dans	ADP
le	le	DET
cas	cas	NOUN
dont	dont	PRON
nous	nous	PRON
nous	nous	PRON
occupons	occuper	VERB
,	,	PUNCTclause
rendra	rendre	VERB
les	le	DET
recherches	recherche	NOUN
plus	plus	ADV
rapides	rapide	ADJ
.	.	PUNCTsent
↵↵	↵↵	PUNCTstruct
—	—	PUNCTclause
Et	et	CCONJ
rendra	rendre	VERB
plus	plus	ADV
facile	facile	ADJ
aussi	aussi	ADV
la	le	DET
fuite	fuite	NOUN
du	du	ADP_DET
voleur	voleur	NOUN
!	!	PUNCTsent
↵↵	↵↵	PUNCTstruct
—	—	PUNCTclause
À	à	ADP
vous	vous	PRON
de	de	DET
jouer	jouer	NOUN
,	,	PUNCTclause
monsieur	monsieur	NOUN
Stuart	Stuart	PROPN
!	!	PUNCTsent
»	»	PUNCTclause
dit	dire	VERB
Phileas	Phileas	PROPN
Fogg	Fogg	PROPN
.	.	PUNCTsent
↵↵	↵↵	PUNCTstruct
Mais	mais	CCONJ
l'	le	DET
incrédule	incrédule	NOUN
Stuart	Stuart	PROPN
ne	ne	ADV
était	être	AUX
pas	pas	ADV
convaincu	convaincre	VERB
,	,	PUNCTclause
et	et	CCONJ
,	,	PUNCTclause
la	le	DET
partie	partie	NOUN
achevée	achever	VERB
:	:	PUNCTclause
↵↵	↵↵	PUNCTstruct
«	«	PUNCTclause
Il	il	PRON
faut	falloir	VERB
avouer	avouer	VERB
,	,	PUNCTclause
monsieur	monsieur	NOUN
Ralph	Ralph	PROPN
,	,	PUNCTclause
reprit	reprendre	VERB
il	il	PRON
,	,	PUNCTclause
que	que	SCONJ
vous	vous	PRON
avez	avoir	VERB
trouvé	trouver	VERB
là	là	ADV
une	un	DET
manière	manière	NOUN
plaisante	plaisant	ADJ
de	de	DET
dire	dire	NOUN
que	que	SCONJ
la	le	DET
terre	terre	NOUN
a	avoir	AUX
diminué	diminuer	VERB
!	!	PUNCTsent
Ainsi	ainsi	ADV
parce que	parce que	SCONJ
on	on	PRON
en	en	PRON
fait	faire	AUX
maintenant	maintenant	ADV
le	le	DET
tour	tour	NOUN
en	en	ADP
trois	trois	NUM
mois	mois	NOUN
…	…	PUNCTsent
↵↵	↵↵	PUNCTstruct
—	—	PUNCTclause
En	en	NOUN
quatre-vingts	quatre-vingt	PRON
jours	jour	DET
seulement	seulement	ADV
,	,	PUNCTclause
dit	dire	VERB
Phileas	Phileas	PROPN
Fogg	Fogg	PROPN
.	.	PUNCTsent
↵↵	↵↵	PUNCTstruct
—	—	PUNCTclause
en effet	en effet	ADV
,	,	PUNCTclause
messieurs	messieurs	DET
,	,	PUNCTclause
ajouta	ajouter	X
John	John	PROPN
Sullivan	Sullivan	PROPN
,	,	PUNCTclause
quatre-vingts	quatre-vingt	PRON
jours	jour	NOUN
,	,	PUNCTclause
depuis	depuis	ADP
que	que	SCONJ
la	le	DET
section	section	NOUN
entre	entre	ADP
Rothal	Rothal	PROPN
et	et	CCONJ
Allahabad	Allahabad	PROPN
a	avoir	AUX
été	être	AUX
ouverte	ouvrir	VERB
sur	sur	ADP
le	le	DET
«	«	PUNCTclause
Great-Indian	Great-Indian	PROPN
peninsular	peninsular	ADP
railway	railway	NOUN
»	»	PUNCTclause
,	,	PUNCTclause
et	et	CCONJ
voici	voici	VERB
le	le	DET
calcul	calcul	NOUN
établi	établir	VERB
par	par	ADP
le	le	DET
Morning	Morning	PROPN
Chronicle	Chronicle	PROPN
:	:	PUNCTclause
↵↵	↵↵	PUNCTstruct
De	de	DET
Londres	Londres	PROPN
à	à	ADP
Suez	Suez	PROPN
par	par	ADP
le	le	DET
Mont-Cenis	Mont-Cenis	PROPN
et	et	CCONJ
Brindisi	Brindisi	PROPN
,	,	PUNCTclause
railways	railways	NOUN
et	et	CCONJ
paquebots	paquebot	NOUN
:	:	PUNCTclause
7	7	NUM
jours	jour	NOUN
.	.	PUNCTsent
↵↵	↵↵	PUNCTstruct
De	de	DET
Suez	Suez	PROPN
à	à	ADP
Bombay	Bombay	PROPN
,	,	PUNCTclause
paquebot	paquebot	NOUN
:	:	PUNCTclause
13	13	NUM
jours	jour	NOUN
.	.	PUNCTsent
↵↵	↵↵	PUNCTstruct
De	de	DET
Bombay	Bombay	PROPN
à	à	ADP
Calcutta	Calcutta	PROPN
,	,	PUNCTclause
railway	railway	X
:	:	PUNCTclause
3	3	NUM
jours	jour	NOUN
.	.	PUNCTsent
↵↵	↵↵	PUNCTstruct
De	de	DET
Calcutta	Calcutta	PROPN
à	à	ADP
Hong-Kong	Hong-Kong	PROPN
(	(	PUNCTclause
Chine	Chine	PROPN
)	)	PUNCTclause
,	,	PUNCTclause
paquebot	paquebot	NOUN
:	:	PUNCTclause
13	13	NUM
jours	jour	NOUN
.	.	PUNCTsent
↵↵	↵↵	PUNCTstruct
De	de	DET
Hong-Kong	Hong-Kong	PROPN
à	à	ADP
Yokohama	Yokohama	PROPN
(	(	PUNCTclause
Japon	Japon	PROPN
)	)	PUNCTclause
,	,	PUNCTclause
paquebot	paquebot	NOUN
:	:	PUNCTclause
6	6	NUM
jours	jour	NOUN
.	.	PUNCTsent
↵↵	↵↵	PUNCTstruct
De	de	DET
Yokohama	Yokohama	PROPN
à	à	ADP
San	San	PROPN
Francisco	Francisco	PROPN
,	,	PUNCTclause
paquebot	paquebot	NOUN
:	:	PUNCTclause
22	22	NUM
jours	jour	NOUN
.	.	PUNCTsent
↵↵	↵↵	PUNCTstruct
De	de	DET
San	San	PROPN
Francisco	Francisco	PROPN
New York	New York	PROPN
,	,	PUNCTclause
railroad	railroad	X
:	:	PUNCTclause
7	7	NUM
jours	jour	NOUN
.	.	PUNCTsent
↵↵	↵↵	PUNCTstruct
De	de	DET
New York	New York	PROPN
à	à	ADP
Londres	Londres	PROPN
,	,	PUNCTclause
paquebot	paquebot	NOUN
et	et	CCONJ
railway	railway	NOUN
:	:	PUNCTclause
9	9	NUM
jours	jour	NOUN
.	.	PUNCTsent
↵↵	↵↵	PUNCTstruct
Total	total	NOUN
:	:	PUNCTclause
80	80	NUM
jours	jour	NOUN
.	.	PUNCTsent
↵↵	↵↵	PUNCTstruct
—	—	PUNCTclause
Oui	oui	INTJ
,	,	PUNCTclause
quatre-vingts	quatre-vingt	INTJ
jours	jour	NOUN
!	!	PUNCTsent
se	se	PRON
écria	écrier	VERB
,	,	PUNCTclause
Andrew	Andrew	PROPN
Stuart	Stuart	PROPN
,	,	PUNCTclause
qui	qui	PRON
par	par	ADP
inattention	inattention	NOUN
,	,	PUNCTclause
coupa	couper	VERB
une	un	DET
carte	carte	NOUN
maîtresse	maître	NOUN
,	,	PUNCTclause
mais	mais	CCONJ
non	non	INTJ
compris	comprendre	VERB
le	le	DET
mauvais	mauvais	ADJ
temps	temps	NOUN
,	,	PUNCTclause
les	le	DET
vents	vent	NOUN
contraires	contraire	ADJ
,	,	PUNCTclause
les	le	DET
naufrages	naufrage	NOUN
,	,	PUNCTclause
les	le	DET
déraillements	déraillement	NOUN
,	,	PUNCTclause
etc.	etc.	NOUN
↵↵	↵↵	PUNCTstruct
—	—	PUNCTclause
Tout	tout	ADJ
compris	comprendre	NOUN
,	,	PUNCTclause
répondit	répondre	VERB
Phileas	Phileas	PROPN
Fogg	Fogg	PROPN
en	en	ADP
continuant	continuer	VERB
de	de	DET
jouer	jouer	NOUN
,	,	PUNCTclause
car	car	CCONJ
,	,	PUNCTclause
cette fois ci	cette fois ci	ADV
,	,	PUNCTclause
la	le	DET
discussion	discussion	NOUN
ne	ne	ADV
respectait	respecter	VERB
plus	plus	ADV
le	le	DET
whist	whist	NOUN
.	.	PUNCTsent
↵↵	↵↵	PUNCTstruct
—	—	PUNCTclause
même si	même si	SCONJ
les	le	DET
Indous	Indous	PROPN
ou	ou	CCONJ
les	le	DET
Indiens	indien	NOUN
enlèvent	enlever	VERB
les	le	DET
rails	rail	NOUN
!	!	PUNCTsent
se	se	PRON
écria	écrier	VERB
Andrew	Andrew	PROPN
Stuart	Stuart	PROPN
,	,	PUNCTclause
si	si	SCONJ
ils	ils	PRON
arrêtent	arrêter	VERB
les	le	DET
trains	train	NOUN
,	,	PUNCTclause
pillent	piller	VERB
les	le	DET
fourgons	fourgon	NOUN
,	,	PUNCTclause
scalpent	scalper	VERB
les	le	DET
voyageurs	voyageur	NOUN
!	!	PUNCTsent
↵↵	↵↵	PUNCTstruct
—	—	PUNCTclause
Tout	tout	ADJ
compris	comprendre	NOUN
»	»	PUNCTclause
,	,	PUNCTclause
répondit	répondre	VERB
Phileas	Phileas	PROPN
Fogg	Fogg	PROPN
,	,	PUNCTclause
qui	qui	PRON
,	,	PUNCTclause
abattant	abattre	VERB
son	son	DET
jeu	jeu	NOUN
,	,	PUNCTclause
ajouta	ajouter	VERB
:	:	PUNCTclause
«	«	PUNCTsent
Deux	Deux	NUM
atouts	atout	NOUN
maîtres	maître	NOUN
.	.	PUNCTsent
»	»	PUNCTclause
↵↵	↵↵	PUNCTstruct
Andrew	Andrew	PROPN
Stuart	Stuart	PROPN
,	,	PUNCTclause
à	à	ADP
qui	qui	PRON
ce	ce	PRON
était	être	AUX
le	le	DET
tour	tour	NOUN
de	de	DET
«	«	PUNCTclause
faire	faire	AUX
»	»	PUNCTclause
,	,	PUNCTclause
ramassa	ramasser	VERB
les	le	DET
cartes	carte	NOUN
en	en	ADP
disant	dire	NOUN
:	:	PUNCTclause
↵↵	↵↵	PUNCTstruct
«	«	PUNCTclause
Théoriquement	théoriquement	ADV
,	,	PUNCTclause
vous	vous	PRON
avez	avoir	VERB
raison	raison	NOUN
,	,	PUNCTclause
monsieur	monsieur	NOUN
Fogg	Fogg	PROPN
,	,	PUNCTclause
mais	mais	CCONJ
dans	dans	ADP
la	le	DET
pratique	pratique	NOUN
…	…	PUNCTsent
↵↵	↵↵	PUNCTstruct
—	—	PUNCTclause
Dans	dans	ADP
la	le	DET
pratique	pratique	NOUN
aussi	aussi	ADV
,	,	PUNCTclause
monsieur	monsieur	NOUN
Stuart	Stuart	PROPN
.	.	PUNCTsent
↵↵	↵↵	PUNCTstruct
—	—	PUNCTclause
Je	je	PRON
voudrais	vouloir	VERB
bien	bien	ADV
vous	vous	PRON
y	y	PRON
voir	voir	AUX
.	.	PUNCTsent
↵↵	↵↵	PUNCTstruct
—	—	PUNCTclause
Il	il	PRON
ne	ne	ADV
tient	tenir	VERB
que	que	ADV
à	à	ADP
vous	vous	PRON
.	.	PUNCTsent
Partons	partir	VERB
ensemble	ensemble	ADV
.	.	PUNCTsent
↵↵	↵↵	PUNCTstruct
—	—	PUNCTclause
Le	le	NOUN
Ciel	Ciel	PROPN
me	me	PRON
en	en	PRON
préserve	préserver	VERB
!	!	PUNCTsent
se	se	PRON
écria	écrier	VERB
Stuart	Stuart	PROPN
,	,	PUNCTclause
mais	mais	CCONJ
je	je	PRON
parierais	parier	VERB
bien	bien	ADV
quatre	quatre	NUM
mille	mille	NUM
livres	livre	NOUN
(	(	PUNCTclause
100	100	NUM
000	000	NUM
F	F	PROPN
)	)	PUNCTclause
que	que	SCONJ
un	un	DET
tel	tel	ADJ
voyage	voyage	NOUN
,	,	PUNCTclause
fait	faire	AUX
dans	dans	ADP
ces	ce	DET
conditions	condition	NOUN
,	,	PUNCTclause
est	être	AUX
impossible	impossible	ADJ
.	.	PUNCTsent
↵↵	↵↵	PUNCTstruct
—	—	PUNCTclause
Très	très	ADV
possible	possible	ADJ
,	,	PUNCTclause
au contraire	au contraire	ADV
,	,	PUNCTclause
répondit	répondre	VERB
monsieur	monsieur	NOUN
Fogg	Fogg	PROPN
.	.	PUNCTsent
↵↵	↵↵	PUNCTstruct
—	—	PUNCTclause
hé	hé	NOUN
bien	bien	ADV
,	,	PUNCTclause
faites	faire	AUX
le	le	DET
donc	donc	ADV
!	!	PUNCTsent
↵↵	↵↵	PUNCTstruct
—	—	PUNCTclause
Le	le	NOUN
tour	tour	NOUN
du	du	ADP_DET
monde	monde	NOUN
en	en	ADP
quatre-vingts	quatre-vingt	NOUN
jours	jour	NOUN
?	?	PUNCTsent
↵↵	↵↵	PUNCTstruct
—	—	PUNCTclause
Oui	oui	INTJ
.	.	PUNCTsent
↵↵	↵↵	PUNCTstruct
—	—	PUNCTclause
Je	je	PRON
le	le:PRON	PRON
veux	vouloir	VERB
bien	bien	ADV
.	.	PUNCTsent
↵↵	↵↵	PUNCTstruct
—	—	PUNCTclause
Quand	quand	SCONJ
?	?	PUNCTsent
↵↵	↵↵	PUNCTstruct
—	—	PUNCTclause
tout de suite	tout de suite	ADV
.	.	PUNCTsent
↵↵	↵↵	PUNCTstruct
—	—	PUNCTclause
ce	ce	PRON
est	être	AUX
de	de	DET
la	le:PRON	PRON
folie	folie	VERB
!	!	PUNCTsent
se	se	PRON
écria	écrier	VERB
Andrew	Andrew	PROPN
Stuart	Stuart	PROPN
,	,	PUNCTclause
qui	qui	PRON
commençait	commencer	VERB
à	à	ADP
se	se	PRON
vexer	vexer	VERB
de	de	DET
l'	le	NOUN
insistance	insistance	NOUN
de	de	DET
son	son	NOUN
partenaire	partenaire	ADJ
.	.	PUNCTsent
Tenez	tenir	VERB
!	!	PUNCTsent
jouons	jouer	NOUN
plutôt	plutôt	ADV
.	.	PUNCTsent
↵↵	↵↵	PUNCTstruct
—	—	PUNCTclause
Refaites	refaire	VERB
alors	alors	ADV
,	,	PUNCTclause
répondit	répondre	VERB
Phileas	Phileas	PROPN
Fogg	Fogg	PROPN
,	,	PUNCTclause
car	car	CCONJ
il y a	il y a	VERB
maldonne	maldonne	NOUN
.	.	PUNCTsent
»	»	PUNCTclause
↵↵	↵↵	PUNCTstruct
Andrew	Andrew	PROPN
Stuart	Stuart	PROPN
reprit	reprendre	VERB
les	le	DET
cartes	carte	NOUN
de	de	DET
une	une	NUM
main	main	NOUN
fébrile	fébrile	ADJ
;	;	PUNCTclause
puis	puis	CCONJ
,	,	PUNCTclause
tout	tout	ADJ
à	à	ADP
coup	coup	NOUN
,	,	PUNCTclause
les	le	DET
posant	poser	NOUN
sur	sur	ADP
la	le	DET
table	table	NOUN
:	:	PUNCTclause
↵↵	↵↵	PUNCTstruct
«	«	PUNCTclause
hé	hé	VERB
bien	bien	ADV
,	,	PUNCTclause
oui	oui	INTJ
,	,	PUNCTclause
monsieur	monsieur	NOUN
Fogg	Fogg	PROPN
,	,	PUNCTclause
dit	dire	VERB
il	il	PRON
,	,	PUNCTclause
oui	oui	INTJ
,	,	PUNCTclause
je	je	PRON
parie	parier	VERB
quatre	quatre	NUM
mille	mille	NUM
livres	livre	NOUN
!…	!…	PUNCTsent
↵↵	↵↵	PUNCTstruct
—	—	PUNCTclause
Mon	mon	NOUN
cher	cher	ADJ
Stuart	Stuart	PROPN
,	,	PUNCTclause
dit	dire	VERB
Fallentin	Fallentin	PROPN
,	,	PUNCTclause
calmez	calmer	VERB
vous	vous	PRON
.	.	PUNCTsent
Ce	ce	PRON
ne	ne	ADV
est	être	AUX
pas	pas	ADV
sérieux	sérieux	ADJ
.	.	PUNCTsent
↵↵	↵↵	PUNCTstruct
—	—	PUNCTclause
Quand	quand	SCONJ
je	je	PRON
dis	dire	VERB
:	:	PUNCTclause
je	je	PRON
parie	parier	VERB
,	,	PUNCTclause
répondit	répondre	VERB
Andrew	Andrew	PROPN
Stuart	Stuart	PROPN
,	,	PUNCTclause
ce	ce	PRON
est	être	AUX
toujours	toujours	ADV
sérieux	sérieux	ADJ
.	.	PUNCTsent
↵↵	↵↵	PUNCTstruct
—	—	PUNCTclause
Soit	soit	CCONJ
!	!	PUNCTsent
»	»	PUNCTclause
dit	dire	VERB
monsieur	monsieur	NOUN
Fogg	Fogg	PROPN
.	.	PUNCTsent
Puis	puis	CCONJ
,	,	PUNCTclause
se	se	PRON
tournant	tourner	VERB
vers	vers	ADP
ses	son	DET
collègues	collègue	NOUN
:	:	PUNCTclause
↵↵	↵↵	PUNCTstruct
«	«	PUNCTclause
je	je	PRON
ai	avoir	VERB
vingt	vingt	NUM
mille	mille	NUM
livres	livre	NOUN
(	(	PUNCTclause
500	500	NUM
000	000	NUM
F	F	PROPN
)	)	PUNCTclause
déposées	déposer	VERB
chez	chez	ADP
Baring	Baring	PROPN
frères	frère	NOUN
.	.	PUNCTsent
Je	je	PRON
les	le	DET
risquerai	risquer	NOUN
volontiers	volontiers	ADJ
…	…	PUNCTsent
↵↵	↵↵	PUNCTstruct
—	—	PUNCTclause
Vingt	Vingt	NUM
mille	mille	NUM
livres	livre	NOUN
!	!	PUNCTsent
se	se	PRON
écria	écrier	VERB
John	John	PROPN
Sullivan	Sullivan	PROPN
.	.	PUNCTsent
Vingt	Vingt	NUM
mille	mille	NUM
livres	livre	NOUN
que	que	SCONJ
un	un	DET
retard	retard	NOUN
imprévu	imprévu	ADJ
peut	pouvoir	VERB
vous	vous	PRON
faire	faire	AUX
perdre	perdre	VERB
!	!	PUNCTsent
↵↵	↵↵	PUNCTstruct
—	—	PUNCTclause
l'	le	NOUN
imprévu	imprévu	VERB
ne	ne	ADV
existe	exister	VERB
pas	pas	ADV
,	,	PUNCTclause
répondit	répondre	VERB
simplement	simplement	ADV
Phileas	Phileas	PROPN
Fogg	Fogg	PROPN
.	.	PUNCTsent
↵↵	↵↵	PUNCTstruct
—	—	PUNCTclause
Mais	mai	NOUN
,	,	PUNCTclause
monsieur	monsieur	NOUN
Fogg	Fogg	PROPN
,	,	PUNCTclause
ce	ce	DET
laps	laps	NOUN
de	de	DET
quatre-vingts	quatre-vingt	NOUN
jours	jour	NOUN
ne	ne	ADV
est	être	AUX
calculé	calculer	VERB
que	que	SCONJ
comme	comme	ADP
un	un	DET
minimum	minimum	NOUN
de	de	DET
temps	temps	NOUN
!	!	PUNCTsent
↵↵	↵↵	PUNCTstruct
—	—	PUNCTclause
Un	un	PRON
minimum	minimum	ADJ
bien	bien	ADV
employé	employer	VERB
suffit	suffire	VERB
à	à	ADP
tout	tout	ADJ
.	.	PUNCTsent
↵↵	↵↵	PUNCTstruct
—	—	PUNCTclause
Mais	mai	NOUN
pour	pour	ADP
ne	ne	ADV
pas	pas	ADV
le	le:PRON	PRON
dépasser	dépasser	VERB
,	,	PUNCTclause
il	il	PRON
faut	falloir	VERB
sauter	sauter	VERB
mathématiquement	mathématiquement	NOUN
des	un	ADP_DET
railways	railways	NOUN
dans	dans	ADP
les	le	DET
paquebots	paquebot	NOUN
,	,	PUNCTclause
et	et	CCONJ
des	un	DET
paquebots	paquebot	NOUN
dans	dans	ADP
les	le	DET
chemin de fer	chemin de fer	NOUN
!	!	PUNCTsent
↵↵	↵↵	PUNCTstruct
—	—	PUNCTclause
Je	je	PRON
sauterai	sauter	VERB
mathématiquement	mathématiquement	NOUN
.	.	PUNCTsent
↵↵	↵↵	PUNCTstruct
—	—	PUNCTclause
ce	ce	PRON
est	être	AUX
une	un	DET
plaisanterie	plaisanterie	NOUN
!	!	PUNCTsent
↵↵	↵↵	PUNCTstruct
—	—	PUNCTclause
Un	un	DET
bon	bon	ADJ
Anglais	anglais	NOUN
ne	ne	ADV
plaisante	plaisant	ADJ
jamais	jamais	ADV
,	,	PUNCTclause
quand	quand	SCONJ
il	il	PRON
se	se	PRON
agit	agir	VERB
de	de	DET
une	un	PRON
chose	chose	PRON
aussi	aussi	ADV
sérieuse	sérieux	ADJ
que	que	SCONJ
un	un	DET
pari	pari	NOUN
,	,	PUNCTclause
répondit	répondre	VERB
Phileas	Phileas	PROPN
Fogg	Fogg	PROPN
.	.	PUNCTsent
Je	je	PRON
parie	parier	VERB
vingt	vingt	NUM
mille	mille	NUM
livres	livre	NOUN
contre	contre	ADP
qui	qui	PRON
voudra	vouloir	VERB
que	que	SCONJ
je	je	PRON
ferai	faire	AUX
le	le	DET
tour	tour	NOUN
de	de	DET
la	le:PRON	PRON
terre	terrer	VERB
en	en	ADP
quatre-vingts	quatre-vingt	NOUN
jours	jour	NOUN
ou	ou	CCONJ
moins	moins	ADV
,	,	PUNCTclause
soit	soit	CCONJ
dix-neuf	dix-neuf	NUM
cent	cent	NUM
vingt	vingt	NUM
heures	heure	NOUN
ou	ou	CCONJ
cent	cent	NUM
quinze	quinze	NUM
mille	mille	NUM
deux	deux	NUM
cents	cents	NUM
minutes	minute	NOUN
.	.	PUNCTsent
Acceptez	accepter	VERB
vous	vous	PRON
?	?	PUNCTsent
↵↵	↵↵	PUNCTstruct
—	—	PUNCTclause
Nous	nous	PRON
acceptons	accepter	VERB
,	,	PUNCTclause
répondirent	répondre	VERB
messieurs	messieurs	DET
Stuart	Stuart	PROPN
,	,	PUNCTclause
Fallentin	Fallentin	PROPN
,	,	PUNCTclause
Sullivan	Sullivan	PROPN
,	,	PUNCTclause
Flanagan	Flanagan	PROPN
et	et	CCONJ
Ralph	Ralph	PROPN
,	,	PUNCTclause
après	après	ADP
se	se	PRON
être	être	AUX
entendus	entendre	VERB
.	.	PUNCTsent
↵↵	↵↵	PUNCTstruct
—	—	PUNCTclause
Bien	bien	NOUN
,	,	PUNCTclause
dit	dire	VERB
monsieur	monsieur	NOUN
Fogg	Fogg	PROPN
.	.	PUNCTsent
Le	le	DET
train	train	NOUN
de	de	DET
Douvres	Douvres	PROPN
part	partir	VERB
à	à	ADP
huit	huit	NUM
heures	heure	NOUN
quarante-cinq	quarante-cinq	NUM
.	.	PUNCTsent
Je	je	PRON
le	le	DET
prendrai	prendre	NOUN
.	.	PUNCTsent
↵↵	↵↵	PUNCTstruct
—	—	PUNCTclause
Ce	ce	PRON
soir	soir	AUX
même	même	ADV
?	?	PUNCTsent
demanda	demander	VERB
Stuart	Stuart	PROPN
.	.	PUNCTsent
↵↵	↵↵	PUNCTstruct
—	—	PUNCTclause
Ce	ce	PRON
soir	soir	AUX
même	même	ADV
,	,	PUNCTclause
répondit	répondre	VERB
Phileas	Phileas	PROPN
Fogg	Fogg	PROPN
.	.	PUNCTsent
Donc	donc	ADV
,	,	PUNCTclause
ajouta	ajouter	VERB
il	il	PRON
en	en	PRON
consultant	consulter	VERB
un	un	DET
calendrier	calendrier	NOUN
de	de	DET
poche	poche	NOUN
,	,	PUNCTclause
puisque	puisque	SCONJ
ce	ce	PRON
est	être	AUX
aujourd'hui	aujourd'hui	ADV
mercredi	mercredi	NOUN
2	2	NUM
octobre	octobre	NOUN
,	,	PUNCTclause
je	je	PRON
devrai	devoir	VERB
être	être	AUX
de	de	DET
retour	retour	NOUN
à	à	ADP
Londres	Londres	PROPN
,	,	PUNCTclause
dans	dans	ADP
ce	ce	DET
salon	salon	NOUN
même	même	ADJ
du	du	ADP_DET
Reform-Club	Reform-Club	PROPN
,	,	PUNCTclause
le	le	DET
samedi	samedi	NOUN
21	21	NUM
décembre	décembre	NOUN
,	,	PUNCTclause
à	à	ADP
huit	huit	NUM
heures	heure	NOUN
quarante-cinq	quarante-cinq	NUM
du	du	ADP_DET
soir	soir	NOUN
,	,	PUNCTclause
faute de	faute de	ADP
quoi	quoi	PRON
les	le	DET
vingt	vingt	NUM
mille	mille	NUM
livres	livre	NOUN
déposées	déposer	VERB
actuellement	actuellement	ADV
à	à	ADP
mon	mon	DET
crédit	crédit	NOUN
chez	chez	ADP
Baring	Baring	PROPN
frères	frère	NOUN
vous	vous	PRON
appartiendront	appartenir	VERB
de	de	DET
fait	faire	AUX
et	et	CCONJ
de	de	DET
droit	droit	NOUN
,	,	PUNCTclause
messieurs	messieurs	NOUN
.	.	PUNCTsent
—	—	PUNCTclause
Voici	voici	VERB
un	un	DET
chèque	chèque	NOUN
de	de	DET
pareille	pareil	NOUN
somme	somme	ADJ
.	.	PUNCTsent
»	»	PUNCTclause
↵↵	↵↵	PUNCTstruct
Un	un	DET
procès-verbal	procès-verbal	NOUN
du	du	ADP_DET
pari	pari	NOUN
fut	être	AUX
fait	faire	AUX
et	et	CCONJ
signé	signer	VERB
sur-le-champ	sur-le-champ	PUNCT
par	par	ADP
les	le	DET
six	six	NUM
co-intéressés	co-intéressés	NOUN
.	.	PUNCTsent
Phileas	Phileas	PROPN
Fogg	Fogg	PROPN
était	être	AUX
demeuré	demeurer	VERB
froid	froid	ADJ
.	.	PUNCTsent
Il	il	PRON
ne	ne	ADV
avait	avoir	AUX
certainement	certainement	ADV
pas	pas	ADV
parié	parier	VERB
pour	pour	ADP
gagner	gagner	VERB
,	,	PUNCTclause
et	et	CCONJ
ne	ne	ADV
avait	avoir	AUX
engagé	engager	VERB
ces	ce	DET
vingt	vingt	NUM
mille	mille	NUM
livres	livre	NOUN
—	—	PUNCTclause
la	le	DET
moitié	moitié	NOUN
de	de	DET
sa	son	AUX
fortune	fortune	NOUN
—	—	PUNCTclause
que	que	SCONJ
parce que	parce que	SCONJ
il	il	PRON
prévoyait	prévoir	VERB
que	que	SCONJ
il	il	PRON
pourrait	pouvoir	VERB
avoir	avoir	VERB
à	à	ADP
dépenser	dépenser	VERB
l'autre	l'autre	PRON
pour	pour	ADP
mener	mener	VERB
à	à	ADP
bien	bien	ADV
ce	ce	PRON
difficile	difficile	VERB
,	,	PUNCTclause
pour	pour	ADP
ne	ne	ADV
pas	pas	ADV
dire	dire	VERB
inexécutable	inexécutable	ADJ
projet	projet	NOUN
.	.	PUNCTsent
quant à	quant à	ADP
ses	son	DET
adversaires	adversaire	NOUN
,	,	PUNCTclause
eux	eux	PRON
,	,	PUNCTclause
ils	ils	PRON
paraissaient	paraître	VERB
émus	émouvoir	NOUN
,	,	PUNCTclause
non	non	INTJ
pas	pas	ADV
à cause de	à cause de	ADP
la	le	DET
valeur	valeur	NOUN
de	de	DET
l'	le	NOUN
enjeu	enjeu	NOUN
,	,	PUNCTclause
mais	mais	CCONJ
parce que	parce que	SCONJ
ils	ils	PRON
se	se	PRON
faisaient	faire	AUX
une	un	DET
sorte	sorte	NOUN
de	de	DET
scrupule	scrupule	NOUN
de	de	DET
lutter	lutter	NOUN
dans	dans	ADP
ces	ce	DET
conditions	condition	NOUN
.	.	PUNCTsent
↵↵	↵↵	PUNCTstruct
Sept	Sept	NUM
heures	heure	NOUN
sonnaient	sonner	VERB
alors	alors	ADV
.	.	PUNCTsent
On	on	PRON
offrit	offrir	VERB
à	à	ADP
monsieur	monsieur	NOUN
Fogg	Fogg	PROPN
de	de	DET
suspendre	suspendre	NOUN
le	le	DET
whist	whist	NOUN
afin que	afin que	SCONJ
il	il	PRON
pût	pouvoir	VERB
faire	faire	AUX
ses	son	DET
préparatifs	préparatif	NOUN
de	de	DET
départ	départ	NOUN
.	.	PUNCTsent
↵↵	↵↵	PUNCTstruct
«	«	PUNCTclause
Je	je	PRON
suis	être	AUX
toujours	toujours	ADV
prêt	prêt	ADJ
!	!	PUNCTsent
»	»	PUNCTclause
répondit	répondre	VERB
cet	ce	DET
impassible	impassible	ADJ
gentleman	gentleman	NOUN
,	,	PUNCTclause
et	et	CCONJ
donnant	donner	VERB
les	le	DET
cartes	carte	NOUN
:	:	PUNCTclause
↵↵	↵↵	PUNCTstruct
«	«	PUNCTclause
Je	je	PRON
retourne	retourner	VERB
carreau	carreau	NOUN
,	,	PUNCTclause
dit	dire	VERB
il	il	PRON
.	.	PUNCTsent
À	à	ADP
vous	vous	PRON
de	de	DET
jouer	jouer	NOUN
,	,	PUNCTclause
monsieur	monsieur	NOUN
Stuart	Stuart	PROPN
.	.	PUNCTsent
»	»	PUNCTclause
