# columns = TERM LEMMA POS PROB
# identifier = verne1896b-11
# creator = Verne, Jules
# created = 1896
# isPartOf = Face au drapeau
# title = XI. Pendant cinq semaines

↵↵↵	↵↵↵	PUNCTstruct
XI	XI	NUM
.	.	PUNCTsent
Pendant	pendant	ADP
cinq	cinq	NUM
semaines	semaine	NOUN
.	.	PUNCTsent
↵↵	↵↵	PUNCTstruct
La	le	DET
situation	situation	NOUN
est	être	AUX
nette	nette	VERB
.	.	PUNCTsent
Ker	Ker	PROPN
Karraje	Karraje	PROPN
sait	savoir	VERB
qui	qui	PRON
je	je	PRON
suis	suivre	VERB
…	…	PUNCTsent
Il	il	PRON
me	me	PRON
connaissait	connaître	VERB
,	,	PUNCTclause
lorsque	lorsque	SCONJ
il	il	PRON
a	avoir	AUX
fait	faire	AUX
procéder	procéder	VERB
au	au	ADP_DET
double	double	NOUN
enlèvement	enlèvement	CCONJ
de	de	DET
Thomas	Thomas	PROPN
Roch	Roch	PROPN
et	et	CCONJ
de	de	DET
son	son	NOUN
gardien	gardien	NOUN
…	…	PUNCTsent
↵↵	↵↵	PUNCTstruct
Comment	comment	ADV
cet	ce	DET
homme	homme	NOUN
y	y	PRON
est	être	AUX
il	il	PRON
arrivé	arriver	VERB
,	,	PUNCTclause
comment	comment	ADV
a	avoir	AUX
il	il	PRON
appris	apprendre	VERB
ce	ce	DET
que	que	SCONJ
je	je	PRON
avais	avoir	AUX
pu	pouvoir	VERB
cacher	cacher	VERB
à	à	ADP
tout	tout	ADJ
le	le	DET
personnel	personnel	NOUN
de	de	DET
Healthful-House	Healthful-House	PROPN
,	,	PUNCTclause
comment	comment	ADV
a	avoir	AUX
il	il	PRON
su	savoir	VERB
que	que	SCONJ
un	un	DET
ingénieur	ingénieur	NOUN
français	français	ADJ
remplissait	remplir	VERB
les	le	DET
fonctions	fonction	NOUN
de	de	DET
surveillant	surveillant	NOUN
près de	près de	ADP
Thomas	Thomas	PROPN
Roch	Roch	PROPN
?…	?…	PUNCTsent
je	je	PRON
ignore	ignorer	VERB
de	de	DET
quelle	quel	ADJ
façon	façon	NOUN
cela	cela	PRON
se	se	PRON
est	être	AUX
fait	faire	AUX
,	,	PUNCTclause
mais	mais	CCONJ
cela	cela	PRON
est	être	AUX
.	.	PUNCTsent
↵↵	↵↵	PUNCTstruct
Évidemment	évidemment	ADV
,	,	PUNCTclause
cet	ce	DET
homme	homme	NOUN
possédait	posséder	VERB
des	un	ADP_DET
moyens	moyen	NOUN
de	de	DET
informations	information	NOUN
qui	qui	PRON
devaient	devoir	VERB
lui	lui	PRON
coûter	coûter	VERB
cher	cher	ADV
,	,	PUNCTclause
mais	mais	CCONJ
dont	dont	PRON
il	il	PRON
a	avoir	AUX
tiré	tirer	VERB
grand	grand	ADJ
profit	profit	NOUN
.	.	PUNCTsent
Un	un	DET
personnage	personnage	NOUN
de	de	DET
cette	ce	NOUN
trempe	tremper	VERB
ne	ne	ADV
regarde	regarder	VERB
pas	pas	ADV
à	à	ADP
l'	le	DET
argent	argent	NOUN
,	,	PUNCTclause
d'ailleurs	d'ailleurs	ADV
,	,	PUNCTclause
lorsque	lorsque	SCONJ
il	il	PRON
se	se	PRON
agit	agir	VERB
de	de	DET
atteindre	atteindre	NOUN
son	son	DET
but	but	NOUN
.	.	PUNCTsent
↵↵	↵↵	PUNCTstruct
Et	et	CCONJ
désormais	désormais	ADV
,	,	PUNCTclause
ce	ce	PRON
est	être	AUX
ce	ce	DET
Ker	Ker	PROPN
Karraje	Karraje	PROPN
,	,	PUNCTclause
ou	ou	CCONJ
plutôt	plutôt	ADV
son	son	DET
complice	complice	NOUN
l'	le	DET
ingénieur	ingénieur	NOUN
Serkö	Serkö	PROPN
,	,	PUNCTclause
qui	qui	PRON
va	aller	VERB
me	me	PRON
remplacer	remplacer	VERB
près de	près de	ADP
l'	le	DET
inventeur	inventeur	NOUN
Thomas	Thomas	PROPN
Roch	Roch	PROPN
.	.	PUNCTsent
Ses	son	DET
efforts	effort	NOUN
réussiront	réussir	VERB
ils	ils	PRON
mieux	mieux	ADV
que	que	SCONJ
les miens	les miens	PRON
?…	?…	PUNCTsent
Dieu	Dieu	PROPN
veuille	vouloir	VERB
que	que	SCONJ
il	il	PRON
ne	ne	ADV
en	en	PRON
soit	soit	CCONJ
rien	rien	PRON
,	,	PUNCTclause
et	et	CCONJ
que	que	SCONJ
ce	ce	DET
malheur	malheur	NOUN
soit	soit	CCONJ
épargné	épargner	VERB
au	au	ADP_DET
monde	monde	NOUN
civilisé	civiliser	VERB
!	!	PUNCTsent
↵↵	↵↵	PUNCTstruct
Je	je	PRON
ne	ne	ADV
ai	avoir	AUX
pas	pas	ADV
répondu	répondre	VERB
à	à	ADP
la	le	DET
dernière	dernier	ADJ
phrase	phrase	NOUN
de	de	DET
Ker	Ker	PROPN
Karraje	Karraje	PROPN
.	.	PUNCTsent
Elle	elle	PRON
me	me	PRON
a	avoir	AUX
produit	produire	VERB
l'	le	DET
effet	effet	NOUN
de	de	DET
une	un	SCONJ
balle	balle	NOUN
tirée	tirer	VERB
à bout portant	à bout portant	ADV
.	.	PUNCTsent
Je	je	PRON
ne	ne	ADV
suis	être	AUX
pas	pas	ADV
tombé	tomber	VERB
,	,	PUNCTclause
cependant	cependant	ADV
,	,	PUNCTclause
comme	comme	ADP
se	se	PRON
y	y	PRON
attendait	attendre	VERB
peut-être	peut-être	ADV
le	le	DET
prétendu	prétendre	NOUN
comte	comte	NOUN
de	de	DET
Artigas	Artigas	PROPN
.	.	PUNCTsent
↵↵	↵↵	PUNCTstruct
Non	non	INTJ
!	!	PUNCTsent
mon	mon	DET
regard	regard	NOUN
est	être	AUX
allé	aller	VERB
droit	droit	NOUN
au	au	ADP_DET
sien	sien	ADJ
,	,	PUNCTclause
qui	qui	PRON
ne	ne	ADV
se	se	PRON
est	être	AUX
pas	pas	ADV
abaissé	abaisser	VERB
et	et	CCONJ
dont	dont	PRON
jaillissaient	jaillir	VERB
des	un	DET
étincelles	étincelle	NOUN
.	.	PUNCTsent
je	je	PRON
avais	avoir	AUX
croisé	croiser	VERB
les	le	DET
bras	bras	NOUN
,	,	PUNCTclause
à	à	ADP
son	son	DET
exemple	exemple	NOUN
.	.	PUNCTsent
Et	et	CCONJ
pourtant	pourtant	ADV
,	,	PUNCTclause
il	il	PRON
était	être	AUX
le	le	DET
maître	maître	NOUN
de	de	DET
ma	mon	NOUN
vie	vie	NOUN
…	…	PUNCTsent
Il	il	PRON
suffisait	suffire	VERB
de	de	DET
un	un	PRON
signe	signer	VERB
pour que	pour que	SCONJ
un	un	DET
coup	coup	NOUN
de	de	DET
revolver	revolver	NOUN
me	me	PRON
étendît	étendre	VERB
à	à	ADP
ses	son	DET
pieds	pied	NOUN
…	…	PUNCTsent
Puis	puis	CCONJ
,	,	PUNCTclause
mon	mon	DET
corps	corps	NOUN
,	,	PUNCTclause
précipité	précipiter	VERB
dans	dans	ADP
ce	ce	DET
lagon	lagon	NOUN
,	,	PUNCTclause
aurait	avoir	AUX
été	être	AUX
emporté	emporter	VERB
à travers	à travers	ADP
le	le	DET
tunnel	tunnel	NOUN
au	au	ADP_DET
large	large	NOUN
de	de	DET
Back-Cup	Back-Cup	PROPN
…	…	PUNCTsent
↵↵	↵↵	PUNCTstruct
Après	après	ADP
cette	ce	DET
scène	scène	NOUN
,	,	PUNCTclause
on	on	PRON
me	me	PRON
a	avoir	AUX
laissé	laisser	VERB
libre	libre	ADJ
comme	comme	ADP
avant	avant	NOUN
.	.	PUNCTsent
Aucune	aucun	DET
mesure	mesure	NOUN
ne	ne	ADV
est	être	AUX
prise	prendre	VERB
contre	contre	ADP
moi	moi	PRON
.	.	PUNCTsent
Je	je	PRON
puis	puis	CCONJ
circuler	circuler	VERB
entre	entre	ADP
les	le	DET
piliers	pilier	NOUN
jusque	jusque	ADP
aux	au	ADP_DET
extrêmes	extrême	ADJ
limites	limite	NOUN
de	de	DET
la	la	NUM
caverne	caverne	NOUN
,	,	PUNCTclause
qui	qui	PRON
,	,	PUNCTclause
—	—	PUNCTclause
cela	cela	PRON
ne	ne	ADV
est	être	AUX
que	que	SCONJ
trop	trop	ADV
évident	évident	ADJ
,	,	PUNCTclause
—	—	PUNCTclause
ne	ne	ADV
possède	posséder	VERB
pas	pas	ADV
d'autre	d'autre	PUNCT
issue	issu	ADJ
que	que	SCONJ
le	le	DET
tunnel	tunnel	NOUN
.	.	PUNCTsent
↵↵	↵↵	PUNCTstruct
Lorsque	lorsque	SCONJ
je	je	PRON
eus	avoir	VERB
regagné	regagner	VERB
mon	mon	DET
alvéole	alvéole	NOUN
à	à	ADP
l'	le	DET
extrémité	extrémité	NOUN
de	de	DET
Bee-Hive	Bee-Hive	PROPN
,	,	PUNCTclause
en	en	ADP
proie	proie	NOUN
aux	au	ADP_DET
mille	mille	NUM
réflexions	réflexion	NOUN
que	que	SCONJ
me	me	PRON
suggère	suggérer	VERB
cette	ce	DET
situation	situation	NOUN
nouvelle	nouveau	ADJ
,	,	PUNCTclause
je	je	PRON
me	me	PRON
dis	dire	VERB
:	:	PUNCTclause
↵↵	↵↵	PUNCTstruct
«	«	PUNCTclause
Si	si	SCONJ
Ker	Ker	PROPN
Karraje	Karraje	PROPN
sait	savoir	VERB
que	que	SCONJ
je	je	PRON
suis	être	AUX
l'	le	DET
ingénieur	ingénieur	NOUN
Simon	Simon	PROPN
Hart	Hart	PROPN
,	,	PUNCTclause
que	que	SCONJ
il	il	PRON
ne	ne	ADV
sache	savoir	VERB
jamais	jamais	ADV
,	,	PUNCTclause
du	du	ADP_DET
moins	moins	ADV
,	,	PUNCTclause
que	que	SCONJ
je	je	PRON
connais	connaître	VERB
l'	le	DET
exact	exact	NOUN
gisement	gisement	ADV
de	de	DET
cet	ce	NOUN
îlot	îlot	NOUN
de	de	DET
Back-Cup	Back-Cup	PROPN
.	.	PUNCTsent
»	»	PUNCTclause
↵↵	↵↵	PUNCTstruct
quant à	quant à	ADP
projet	projet	NOUN
de	de	DET
confier	confier	NOUN
Thomas	Thomas	PROPN
Roch	Roch	PROPN
à	à	ADP
mes	mon	DET
soins	soin	NOUN
,	,	PUNCTclause
je	je	PRON
imagine	imaginer	VERB
que	que	SCONJ
le	le	DET
comte	comte	NOUN
de	de	DET
Artigas	Artigas	PROPN
ne	ne	ADV
l'	le:PRON	PRON
a	avoir	AUX
jamais	jamais	ADV
eu	avoir	VERB
sérieusement	sérieusement	ADV
,	,	PUNCTclause
puisque	puisque	SCONJ
mon	mon	DET
identité	identité	NOUN
lui	lui	PRON
était	être	AUX
révélée	révéler	VERB
.	.	PUNCTsent
Je	je	PRON
le	le	DET
regrette	regretter	NOUN
dans une certaine mesure	dans une certaine mesure	ADV
,	,	PUNCTclause
car	car	CCONJ
il	il	PRON
est	être	AUX
indubitable	indubitable	ADJ
que	que	SCONJ
l'	le	DET
inventeur	inventeur	NOUN
sera	être	AUX
l'	le	DET
objet	objet	NOUN
de	de	DET
sollicitations	sollicitation	NOUN
pressantes	pressant	ADJ
,	,	PUNCTclause
que	que	SCONJ
l'	le	DET
ingénieur	ingénieur	NOUN
Serkö	Serkö	PROPN
va	aller	VERB
employer	employer	VERB
tous	tout	ADJ
les	le	DET
moyens	moyen	NOUN
pour	pour	ADP
obtenir	obtenir	VERB
la	le	DET
composition	composition	NOUN
de	de	DET
l'	le:PRON	PRON
explosif	explosif	VERB
et	et	CCONJ
du	du	ADP_DET
déflagrateur	déflagrateur	NOUN
dont	dont	PRON
il	il	PRON
saura	savoir	VERB
faire	faire	AUX
un	un	DET
si	si	SCONJ
détestable	détestable	ADJ
usage	usage	NOUN
au cours de	au cours de	ADP
ses	son	DET
futures	futur	ADJ
pirateries	piraterie	NOUN
…	…	PUNCTsent
Oui	oui	INTJ
!	!	PUNCTsent
mieux	mieux	ADV
vaudrait	valoir	VERB
que	que	SCONJ
je	je	PRON
fusse	être	VERB
resté	rester	VERB
le	le	DET
gardien	gardien	NOUN
de	de	DET
Thomas	Thomas	PROPN
Roch	Roch	PROPN
…	…	PUNCTsent
ici	ici	ADV
comme	comme	ADP
à	à	ADP
Healthful-House	Healthful-House	PROPN
.	.	PUNCTsent
↵↵	↵↵	PUNCTstruct
Durant	durant	ADP
les	le	DET
quinze	quinze	NUM
jours	jour	NOUN
qui	qui	PRON
suivent	suivre	VERB
,	,	PUNCTclause
je	je	PRON
ne	ne	ADV
ai	avoir	AUX
pas	pas	ADV
aperçu	apercevoir	VERB
une	un	DET
seule	seul	ADJ
fois	fois	NOUN
mon	mon	DET
ancien	ancien	ADJ
pensionnaire	pensionnaire	NOUN
.	.	PUNCTsent
Personne	personne	NOUN
,	,	PUNCTclause
je	je	PRON
le	le:PRON	PRON
répète	répéter	VERB
,	,	PUNCTclause
ne	ne	ADV
me	me	PRON
a	avoir	AUX
gêné	gêner	VERB
dans	dans	ADP
mes	mon	DET
promenades	promenade	NOUN
quotidiennes	quotidien	ADJ
.	.	PUNCTsent
De	de	DET
la	le:PRON	PRON
partie	partie	ADP
matérielle	matériel	NOUN
de	de	DET
l'	le	NOUN
existence	existence	NOUN
je	je	PRON
ne	ne	ADV
ai	avoir	AUX
aucunement	aucunement	ADV
à	à	ADP
me	me	PRON
préoccuper	préoccuper	VERB
.	.	PUNCTsent
Mes	mon	DET
repas	repas	NOUN
viennent	venir	VERB
avec	avec	ADP
une	un	DET
régularité	régularité	NOUN
réglementaire	réglementaire	ADJ
de	de	DET
la	le	AUX
cuisine	cuisine	NOUN
du	du	ADP_DET
comte	comte	NOUN
de	de	DET
Artigas	Artigas	PROPN
,	,	PUNCTclause
—	—	PUNCTclause
nom	nom	NOUN
et	et	CCONJ
titre	titre	NOUN
dont	dont	PRON
je	je	PRON
ne	ne	ADV
me	me	PRON
suis	être	AUX
pas	pas	ADV
déshabitué	déshabituer	VERB
et	et	CCONJ
que	que	SCONJ
parfois	parfois	ADV
je	je	PRON
lui	lui	PRON
donne	donner	VERB
encore	encore	ADV
.	.	PUNCTsent
Que	que	SCONJ
sur	sur	ADP
la	le	DET
question	question	NOUN
de	de	DET
nourriture	nourriture	NOUN
je	je	PRON
ne	ne	ADV
sois	être	ADV
pas	pas	ADV
difficile	difficile	ADJ
,	,	PUNCTclause
d'accord	d'accord	ADV
;	;	PUNCTclause
mais	mais	CCONJ
il	il	PRON
serait	être	AUX
injuste	injuste	ADJ
néanmoins	néanmoins	ADV
de	de	DET
formuler	formuler	NOUN
la	le	DET
moindre	moindre	ADJ
plainte	plainte	NOUN
à	à	ADP
ce	ce	DET
sujet	sujet	NOUN
.	.	PUNCTsent
l'	le	DET
alimentation	alimentation	NOUN
ne	ne	ADV
laisse	laisser	VERB
rien	rien	PRON
à	à	ADP
désirer	désirer	VERB
,	,	PUNCTclause
grâce	grâce	NOUN
aux	au	ADP_DET
approvisionnements	approvisionnement	NOUN
renouvelés	renouveler	VERB
à	à	ADP
chaque	chaque	DET
voyage	voyage	NOUN
de	de	DET
l'	le	NOUN
Ebba	Ebba	PROPN
.	.	PUNCTsent
↵↵	↵↵	PUNCTstruct
Il	il	PRON
est	être	AUX
heureux	heureux	ADJ
aussi	aussi	ADV
que	que	SCONJ
la	le	DET
possibilité	possibilité	NOUN
de	de	DET
écrire	écrire	NOUN
ne	ne	ADV
me	me	PRON
ait	avoir	AUX
jamais	jamais	ADV
manqué	manquer	VERB
pendant	pendant	ADP
ces	ce	DET
longues	long	ADJ
heures	heure	NOUN
de	de	DET
désœuvrement	désœuvrement	NOUN
.	.	PUNCTsent
je	je	PRON
ai	avoir	AUX
donc	donc	ADV
pu	pouvoir	VERB
consigner	consigner	VERB
sur	sur	ADP
mon	mon	DET
carnet	carnet	NOUN
les	le	DET
plus	plus	ADV
menus	menu	VERB
faits	faire	VERB
depuis	depuis	ADP
l'	le	DET
enlèvement	enlèvement	NOUN
de	de	DET
Healthful-House	Healthful-House	PROPN
et	et	CCONJ
tenir	tenir	VERB
mes	mon	DET
notes	note	NOUN
jour	jour	VERB
par	par	ADP
jour	jour	NOUN
.	.	PUNCTsent
Je	je	PRON
continuerai	continuer	VERB
ce	ce	DET
travail	travail	NOUN
tant	tant	ADV
que	que	SCONJ
la	le	DET
plume	plume	NOUN
ne	ne	ADV
me	me	PRON
sera	être	AUX
pas	pas	ADV
arrachée	arracher	VERB
des	un	DET
mains	main	NOUN
.	.	PUNCTsent
Peut-être	peut-être	ADV
servira	servir	VERB
il	il	PRON
dans	dans	ADP
l'	le	DET
avenir	avenir	NOUN
à	à	ADP
dévoiler	dévoiler	VERB
les	le	DET
mystères	mystère	NOUN
de	de	DET
Back-Cup	Back-Cup	PROPN
.	.	PUNCTsent
↵↵	↵↵	PUNCTstruct
—	—	PUNCTclause
Du	du	ADP_DET
5	5	NUM
au	au	ADP_DET
25	25	NUM
juillet	juillet	NOUN
.	.	PUNCTsent
—	—	PUNCTclause
Deux	Deux	NUM
semaines	semaine	NOUN
de	de	DET
écoulées	écouler	NOUN
,	,	PUNCTclause
et	et	CCONJ
aucune	aucun	DET
tentative	tentative	NOUN
,	,	PUNCTclause
pour	pour	ADP
me	me	PRON
rapprocher	rapprocher	VERB
de	de	DET
Thomas	Thomas	PROPN
Roch	Roch	PROPN
,	,	PUNCTclause
ne	ne	ADV
a	avoir	AUX
pu	pouvoir	VERB
réussir	réussir	VERB
.	.	PUNCTsent
Il	il	PRON
est	être	AUX
évident	évident	ADJ
que	que	SCONJ
des	un	DET
mesures	mesure	NOUN
sont	être	AUX
prises	priser	VERB
pour	pour	ADP
le	le	DET
soustraire	soustraire	NOUN
à	à	ADP
mon	mon	DET
influence	influence	NOUN
,	,	PUNCTclause
si	si	ADV
inefficace	inefficace	ADJ
que	que	SCONJ
elle	elle	PRON
ait	avoir	AUX
été	être	AUX
jusque	jusque	ADP
alors	alors	ADV
.	.	PUNCTsent
Mon	mon	DET
seul	seul	ADJ
espoir	espoir	NOUN
est	être	AUX
que	que	SCONJ
le	le	DET
comte	comte	NOUN
de	de	DET
Artigas	Artigas	PROPN
,	,	PUNCTclause
l'	le	DET
ingénieur	ingénieur	NOUN
Serkö	Serkö	PROPN
,	,	PUNCTclause
le	le	DET
capitaine	capitaine	NOUN
Spade	Spade	PROPN
perdront	perdre	VERB
leur	leur	DET
temps	temps	NOUN
et	et	CCONJ
leurs	leur	DET
peines	peiner	VERB
à	à	ADP
vouloir	vouloir	VERB
se	se	PRON
approprier	approprier	VERB
les	le	DET
secrets	secret	NOUN
de	de	DET
l'	le	NOUN
inventeur	inventeur	NOUN
.	.	PUNCTsent
↵↵	↵↵	PUNCTstruct
Trois	Trois	NUM
ou	ou	CCONJ
quatre	quatre	NUM
fois	fois	NOUN
,	,	PUNCTclause
—	—	PUNCTclause
à	à	ADP
ma	mon	DET
connaissance	connaissance	NOUN
du	du	ADP_DET
moins	moins	ADV
,	,	PUNCTclause
—	—	PUNCTclause
Thomas	Thomas	PROPN
Roch	Roch	PROPN
et	et	CCONJ
l'	le	DET
ingénieur	ingénieur	NOUN
Serkö	Serkö	PROPN
se	se	PRON
sont	être	AUX
promenés	promener	VERB
ensemble	ensemble	ADV
,	,	PUNCTclause
en	en	PRON
faisant	faire	AUX
le	le	DET
tour	tour	NOUN
du	du	ADP_DET
lagon	lagon	NOUN
.	.	PUNCTsent
Autant	autant	ADV
que	que	SCONJ
je	je	PRON
ai	avoir	AUX
pu	pouvoir	VERB
en	en	ADP
juger	juger	VERB
,	,	PUNCTclause
le	le	DET
premier	premier	ADJ
semblait	sembler	NOUN
écouter	écouter	VERB
avec	avec	ADP
une	un	DET
certaine	certain	ADJ
attention	attention	NOUN
ce	ce	PRON
que	que	ADV
lui	lui	PRON
disait	dire	VERB
le	le	DET
second	second	ADJ
.	.	PUNCTsent
Celui	celui	PRON
lui	lui	PRON
a	avoir	AUX
fait	faire	AUX
visiter	visiter	VERB
toute	tout	ADJ
la	le	DET
caverne	caverne	NOUN
,	,	PUNCTclause
l'	le:PRON	PRON
a	avoir	AUX
conduit	conduire	VERB
à	à	ADP
la	le	DET
fabrique	fabrique	NOUN
de	de	DET
énergie	énergie	NOUN
électrique	électrique	ADJ
,	,	PUNCTclause
lui	lui	PRON
a	avoir	AUX
montré	montrer	VERB
en	en	ADP
détail	détail	NOUN
la	le	DET
machinerie	machinerie	NOUN
du	du	ADP_DET
tug	tug	NOUN
…	…	PUNCTsent
Visiblement	visiblement	ADV
,	,	PUNCTclause
l'	le	DET
état	état	NOUN
mental	mental	ADJ
de	de	DET
Thomas	Thomas	PROPN
Roch	Roch	PROPN
se	se	PRON
est	être	AUX
amélioré	améliorer	VERB
depuis	depuis	ADP
son	son	DET
départ	départ	NOUN
de	de	DET
Healthful-House	Healthful-House	PROPN
.	.	PUNCTsent
↵↵	↵↵	PUNCTstruct
ce	ce	PRON
est	être	AUX
dans	dans	ADP
l'	le	DET
habitation	habitation	NOUN
de	de	DET
Ker	Ker	PROPN
Karraje	Karraje	PROPN
que	que	SCONJ
Thomas	Thomas	PROPN
Roch	Roch	PROPN
occupe	occuper	VERB
une	un	DET
chambre	chambre	NOUN
à part	à part	ADP
.	.	PUNCTsent
Je	je	PRON
ne	ne	ADV
mets	mettre	VERB
pas	pas	ADV
en	en	DET
doute	doute	NOUN
que	que	SCONJ
il	il	PRON
ne	ne	ADV
soit	soit	CCONJ
journellement	journellement	ADV
circonvenu	circonvenir	VERB
,	,	PUNCTclause
surtout	surtout	ADV
par	par	ADP
l'	le	DET
ingénieur	ingénieur	NOUN
Serkö	Serkö	PROPN
.	.	PUNCTsent
À	à	ADP
l'	le	DET
offre	offre	NOUN
de	de	DET
lui	lui	PRON
payer	payer	VERB
son	son	DET
engin	engin	NOUN
du	du	ADP_DET
prix	prix	NOUN
exorbitant	exorbitant	VERB
que	que	SCONJ
il	il	PRON
demande	demander	VERB
,	,	PUNCTclause
—	—	PUNCTclause
et	et	CCONJ
se	se	PRON
rend	rendre	VERB
il	il	PRON
compte	compter	VERB
de	de	DET
la	le	AUX
valeur	valeur	NOUN
de	de	DET
l'	le:PRON	PRON
argent	argent	VERB
?	?	PUNCTsent
—	—	PUNCTclause
aura	avoir	VERB
il	il	PRON
la	le:PRON	PRON
force	forcer	VERB
de	de	DET
résister	résister	NOUN
?…	?…	PUNCTsent
Ces	ce	DET
misérables	misérable	NOUN
peuvent	pouvoir	VERB
l'	le	DET
éblouir	éblouir	NOUN
de	de	DET
tant de	tant de	DET
or	or	NOUN
,	,	PUNCTclause
provenant	provenir	VERB
des	un	DET
rapines	rapine	NOUN
accumulées	accumuler	VERB
durant	durant	ADP
tant de	tant de	DET
années	année	NOUN
!…	!…	PUNCTsent
En	en	ADP
l'	le	DET
état d'esprit	état d'esprit	NOUN
où	où	ADV
il	il	PRON
se	se	PRON
trouve	trouver	VERB
,	,	PUNCTclause
ne	ne	ADV
se	se	PRON
laissera	laisser	VERB
il	il	PRON
pas	pas	ADV
aller	aller	VERB
à	à	ADP
communiquer	communiquer	VERB
la	le	DET
composition	composition	NOUN
de	de	DET
son	son	NOUN
Fulgurateur	Fulgurateur	PROPN
?…	?…	PUNCTsent
Il	il	PRON
suffirait	suffire	VERB
alors	alors	ADV
de	de	DET
rapporter	rapporter	NOUN
à	à	ADP
Back-Cup	Back-Cup	PROPN
les	le	DET
substances	substance	NOUN
nécessaires	nécessaire	ADJ
,	,	PUNCTclause
et	et	CCONJ
Thomas	Thomas	PROPN
Roch	Roch	PROPN
aura	avoir	VERB
tout	tout	ADJ
le	le	DET
loisir	loisir	NOUN
de	de	DET
se	se	PRON
livrer	livrer	VERB
à	à	ADP
ses	son	DET
combinaisons	combinaison	NOUN
chimiques	chimique	ADJ
.	.	PUNCTsent
quant à	quant à	ADP
engins	engin	NOUN
,	,	PUNCTclause
quoi	quoi	PRON
de plus	de plus	ADV
facile	facile	ADJ
que	que	SCONJ
de	de	DET
en	en	NOUN
commander	commander	VERB
un	un	DET
certain	certain	ADJ
nombre	nombre	NOUN
dans	dans	ADP
une	un	DET
usine	usine	NOUN
du	du	ADP_DET
continent	continent	NOUN
,	,	PUNCTclause
de	de	DET
en	en	PRON
ordonner	ordonner	VERB
la	le	DET
fabrication	fabrication	NOUN
par	par	ADP
pièces	pièce	NOUN
séparées	séparé	ADJ
,	,	PUNCTclause
de manière à	de manière à	ADP
ne	ne	ADV
point	point	ADV
éveiller	éveiller	ADJ
les	le	DET
soupçons	soupçon	NOUN
?…	?…	PUNCTsent
Et	et	CCONJ
ce	ce	PRON
que	que	ADV
peut	pouvoir	VERB
devenir	devenir	VERB
un	un	DET
tel	tel	ADJ
agent	agent	NOUN
de	de	DET
destruction	destruction	NOUN
entre	entre	ADP
les	le	DET
mains	main	NOUN
de	de	DET
ces	ce	NOUN
pirates	pirater	VERB
,	,	PUNCTclause
mes	mon	DET
cheveux	cheveu	NOUN
se	se	PRON
dressent	dresser	VERB
rien	rien	PRON
que	que	ADV
de	de	DET
y	y	PRON
penser	penser	VERB
!	!	PUNCTsent
↵↵	↵↵	PUNCTstruct
Ces	ce	DET
intolérables	intolérable	NOUN
appréhensions	appréhension	NOUN
ne	ne	ADV
me	me	PRON
laissent	laisser	VERB
plus	plus	ADV
une	un	DET
heure	heure	NOUN
de	de	DET
répit	répit	NOUN
,	,	PUNCTclause
elles	elles	PRON
me	me	PRON
rongent	ronger	VERB
,	,	PUNCTclause
ma	mon	DET
santé	santé	NOUN
se	se	PRON
en	en	ADP
ressent	ressentir	VERB
.	.	PUNCTsent
Bien	bien	ADV
que	que	SCONJ
un	un	DET
air	air	NOUN
pur	pur	ADJ
emplisse	emplir	VERB
l'	le	DET
intérieur	intérieur	NOUN
de	de	DET
Back-Cup	Back-Cup	PROPN
,	,	PUNCTclause
je	je	PRON
suis	être	AUX
parfois	parfois	ADV
pris	prendre	VERB
de	de	DET
étouffements	étouffement	NOUN
.	.	PUNCTsent
Il	il	PRON
me	me	PRON
semble	sembler	VERB
que	que	SCONJ
ces	ce	DET
épaisses	épais	NOUN
parois	paroi	ADP
me	me	PRON
écrasent	écraser	VERB
de	de	DET
tout	tout	ADJ
leur	leur	DET
poids	poids	NOUN
.	.	PUNCTsent
Et	et	CCONJ
puis	puis	CCONJ
,	,	PUNCTclause
je	je	PRON
me	me	PRON
sens	sentir	VERB
séparé	séparer	VERB
du reste	du reste	ADV
du	du	ADP_DET
monde	monde	NOUN
,	,	PUNCTclause
—	—	PUNCTclause
comme	comme	ADP
en dehors de	en dehors de	ADV
notre	notre	DET
globe	globe	NOUN
,	,	PUNCTclause
—	—	PUNCTclause
ne	ne	ADV
sachant	savoir	VERB
rien	rien	PRON
de	de	DET
ce	ce	PRON
qui	qui	PRON
se	se	PRON
passe	passer	VERB
dans	dans	ADP
les	le	DET
pays	pays	NOUN
de	de	DET
outre-mer	outre-mer	NOUN
!…	!…	PUNCTsent
ha	ha	NOUN
!	!	PUNCTsent
à travers	à travers	ADP
cette	ce	DET
ouverture	ouverture	NOUN
à	à	ADP
la	le	DET
voûte	voûte	NOUN
qui	qui	PRON
se	se	PRON
évide	évider	VERB
au-dessus	au-dessus	ADV
du	du	ADP_DET
lagon	lagon	NOUN
,	,	PUNCTclause
si	si	SCONJ
il	il	PRON
était	être	AUX
possible	possible	ADJ
de	de	DET
se	se	PRON
enfuir	enfuir	VERB
…	…	PUNCTsent
de	de	DET
se	se	PRON
sauver	sauver	VERB
par	par	ADP
la	le	DET
cime	cime	NOUN
de	de	DET
l'	le	NOUN
îlot	îlot	NOUN
…	…	PUNCTsent
de	de	DET
redescendre	redescendre	NOUN
à	à	ADP
sa	son	DET
base	base	NOUN
!…	!…	PUNCTsent
↵↵	↵↵	PUNCTstruct
Dans	dans	ADP
la	le	DET
matinée	matinée	NOUN
du	du	ADP_DET
25	25	NUM
juillet	juillet	NOUN
,	,	PUNCTclause
je	je	PRON
rencontre	rencontrer	VERB
enfin	enfin	ADV
Thomas	Thomas	PROPN
Roch	Roch	PROPN
.	.	PUNCTsent
Il	il	PRON
est	être	AUX
seul	seul	ADJ
sur	sur	ADP
la	le	DET
rive	rive	NOUN
opposée	opposer	VERB
,	,	PUNCTclause
et	et	CCONJ
je	je	PRON
me	me	PRON
demande	demander	VERB
même	même	ADV
,	,	PUNCTclause
puisque	puisque	SCONJ
je	je	PRON
ne	ne	ADV
les	le:PRON	PRON
ai	avoir	AUX
pas	pas	ADV
vus	vu	VERB
depuis	depuis	ADP
la	le	DET
veille	veille	NOUN
,	,	PUNCTclause
si	si	SCONJ
Ker	Ker	PROPN
Karraje	Karraje	PROPN
,	,	PUNCTclause
l'	le	DET
ingénieur	ingénieur	NOUN
Serkö	Serkö	PROPN
et	et	CCONJ
le	le	DET
capitaine	capitaine	NOUN
Spade	Spade	PROPN
ne	ne	ADV
sont	être	AUX
pas	pas	ADV
partis	partir	VERB
pour	pour	ADP
quelque	quelque	DET
«	«	PUNCTclause
expédition	expédition	NOUN
»	»	PUNCTclause
au	au	ADP_DET
large	large	NOUN
de	de	DET
Back-Cup	Back-Cup	PROPN
…	…	PUNCTsent
↵↵	↵↵	PUNCTstruct
Je	je	PRON
me	me	PRON
dirige	diriger	VERB
vers	vers	ADP
Thomas	Thomas	PROPN
Roch	Roch	PROPN
et	et	CCONJ
,	,	PUNCTclause
avant que	avant que	SCONJ
il	il	PRON
ait	avoir	AUX
pu	pouvoir	VERB
me	me	PRON
apercevoir	apercevoir	VERB
,	,	PUNCTclause
je	je	PRON
l'	le:PRON	PRON
examine	examiner	VERB
avec	avec	ADP
attention	attention	NOUN
.	.	PUNCTsent
↵↵	↵↵	PUNCTstruct
Sa	son	DET
physionomie	physionomie	NOUN
sérieuse	sérieux	ADJ
,	,	PUNCTclause
pensive	pensif	ADJ
,	,	PUNCTclause
ne	ne	ADV
est	être	AUX
plus	plus	ADV
celle	celle	PRON
de	de	DET
un	un	PRON
fou	fou	ADJ
.	.	PUNCTsent
Il	il	PRON
marche	marcher	VERB
à	à	ADP
pas	pas	ADV
lents	lent	PRON
,	,	PUNCTclause
les	le	DET
yeux	œil	NOUN
baissés	baisser	VERB
,	,	PUNCTclause
ne	ne	ADV
regardant	regarder	VERB
pas	pas	ADV
autour de	autour de	ADP
lui	lui	PRON
,	,	PUNCTclause
et	et	CCONJ
porte	porter	VERB
sous	sous	ADP
son	son	DET
bras	bras	NOUN
une	un	DET
planchette	planchette	NOUN
tendue	tendu	ADJ
de	de	DET
une	une	NUM
feuille	feuille	NOUN
de	de	DET
papier	papier	NOUN
où	où	ADV
sont	être	AUX
dessinées	dessiner	VERB
différentes	différent	ADJ
épures	épure	NOUN
.	.	PUNCTsent
↵↵	↵↵	PUNCTstruct
Soudain	soudain	NOUN
,	,	PUNCTclause
sa	son	DET
tête	tête	NOUN
se	se	PRON
relève	relever	VERB
vers	vers	ADP
moi	moi	PRON
,	,	PUNCTclause
il	il	PRON
se	se	PRON
avance	avancer	VERB
de	de	DET
un	un	NUM
pas	pas	NOUN
et	et	CCONJ
me	me	PRON
reconnaît	reconnaître	VERB
:	:	PUNCTclause
↵↵	↵↵	PUNCTstruct
«	«	PUNCTclause
ha	ha	NOUN
!	!	PUNCTsent
toi	toi	PRON
…	…	PUNCTsent
Gaydon	Gaydon	PROPN
!…	!…	PUNCTsent
se	se	PRON
écrie	écrier	VERB
il	il	PRON
.	.	PUNCTsent
Je	je	PRON
te	te	PRON
ai	avoir	AUX
donc	donc	ADV
échappé	échapper	VERB
!…	!…	PUNCTsent
Je	je	PRON
suis	être	AUX
libre	libre	ADJ
!	!	PUNCTsent
»	»	PUNCTclause
↵↵	↵↵	PUNCTstruct
Il	il	PRON
peut	pouvoir	VERB
se	se	PRON
croire	croire	VERB
libre	libre	ADJ
,	,	PUNCTclause
en effet	en effet	ADV
,	,	PUNCTclause
—	—	PUNCTclause
plus	plus	ADV
libre	libre	ADJ
à	à	ADP
Back-Cup	Back-Cup	PROPN
que	que	SCONJ
il	il	PRON
ne	ne	ADV
l'	le:PRON	PRON
était	être	AUX
à	à	ADP
Healthful-House	Healthful-House	PROPN
.	.	PUNCTsent
Mais	mais	CCONJ
ma	mon	DET
présence	présence	NOUN
est	être	AUX
de	de	DET
nature	nature	NOUN
à	à	ADP
lui	lui	PRON
rappeler	rappeler	VERB
de	de	DET
mauvais	mauvais	ADJ
souvenirs	souvenir	NOUN
et	et	CCONJ
va	aller	VERB
peut-être	peut-être	ADV
déterminer	déterminer	VERB
une	un	DET
crise	crise	NOUN
,	,	PUNCTclause
car	car	CCONJ
il	il	PRON
me	me	PRON
interpelle	interpeller	VERB
avec	avec	ADP
une	un	DET
extraordinaire	extraordinaire	ADJ
animation	animation	NOUN
:	:	PUNCTclause
↵↵	↵↵	PUNCTstruct
«	«	PUNCTclause
Oui	oui	INTJ
…	…	PUNCTsent
toi	toi	PRON
…	…	PUNCTsent
Gaydon	Gaydon	PROPN
!…	!…	PUNCTsent
Ne	ne	ADV
me	me	PRON
approche	approcher	VERB
pas	pas	ADV
…	…	PUNCTsent
ne	ne	ADV
me	me	PRON
approche	approcher	VERB
pas	pas	ADV
!…	!…	PUNCTsent
Tu	tu	ADJ
voudrais	vouloir	VERB
me	me	PRON
reprendre	reprendre	VERB
…	…	PUNCTsent
me	me	PRON
ramener	ramener	VERB
au	au	ADP_DET
cabanon	cabanon	NOUN
…	…	PUNCTsent
Jamais	jamais	ADV
!…	!…	PUNCTsent
Ici	ici	ADV
je	je	PRON
ai	avoir	PRON
des	un	PRON
amis	ami	VERB
pour	pour	ADP
me	me	PRON
défendre	défendre	VERB
!…	!…	PUNCTsent
Ils	ils	PRON
sont	être	AUX
puissants	puissant	ADJ
,	,	PUNCTclause
ils	ils	PRON
sont	être	AUX
riches	riche	ADJ
!…	!…	PUNCTsent
Le	le	DET
comte	comte	NOUN
de	de	DET
Artigas	Artigas	PROPN
est	être	AUX
mon	mon	DET
commanditaire	commanditaire	NOUN
!…	!…	PUNCTsent
l'	le	DET
ingénieur	ingénieur	NOUN
Serkö	Serkö	PROPN
est	être	AUX
mon	mon	DET
associé	associé	NOUN
!…	!…	PUNCTsent
Nous	nous	PRON
allons	aller	VERB
exploiter	exploiter	VERB
mon	mon	DET
invention	invention	NOUN
!…	!…	PUNCTsent
ce	ce	PRON
est	être	AUX
ici	ici	ADV
que	que	SCONJ
nous	nous	PRON
fabriquerons	fabriquer	VERB
le	le	DET
Fulgurateur	Fulgurateur	PROPN
Roch	Roch	PROPN
…	…	PUNCTsent
Va-t'en	Va-t'en	PROPN
!…	!…	PUNCTsent
Va-t'en	Va-t'en	PROPN
!…	!…	PUNCTsent
»	»	PUNCTclause
↵↵	↵↵	PUNCTstruct
Thomas	Thomas	PROPN
Roch	Roch	PROPN
est	être	AUX
en proie à	en proie à	ADP
une	un	DET
véritable	véritable	ADJ
fureur	fureur	NOUN
.	.	PUNCTsent
en même temps que	en même temps que	ADP
sa	son	DET
voix	voix	NOUN
se	se	PRON
élève	élever	VERB
,	,	PUNCTclause
ses	son	DET
bras	bras	NOUN
se	se	PRON
agitent	agiter	VERB
,	,	PUNCTclause
et	et	CCONJ
il	il	PRON
tire	tirer	VERB
de	de	DET
sa	son	AUX
poche	poche	NOUN
des	un	ADP_DET
paquets	paquet	NOUN
de	de	DET
dollars-papier	dollars-papier	NOUN
et	et	CCONJ
de	de	DET
bank-notes	bank-notes	NOUN
.	.	PUNCTsent
Puis	puis	CCONJ
,	,	PUNCTclause
des	un	DET
pièces	pièce	NOUN
de	de	DET
or	or	NOUN
anglaises	anglais	ADJ
,	,	PUNCTclause
françaises	français	ADJ
,	,	PUNCTclause
américaines	américain	ADJ
,	,	PUNCTclause
allemandes	allemand	ADJ
,	,	PUNCTclause
se	se	PRON
échappent	échapper	VERB
de	de	DET
ses	son	NOUN
doigts	doigt	NOUN
.	.	PUNCTsent
Et	et	CCONJ
de	de	DET
où	où	ADV
lui	lui	PRON
vient	venir	VERB
cet	ce	DET
argent	argent	NOUN
,	,	PUNCTclause
si	si	SCONJ
ce	ce	PRON
ne	ne	ADV
est	être	AUX
de	de	DET
Ker	Ker	PROPN
Karraje	Karraje	PROPN
,	,	PUNCTclause
et	et	CCONJ
pour	pour	ADP
prix	prix	NOUN
du	du	ADP_DET
secret	secret	NOUN
que	que	SCONJ
il	il	PRON
a	avoir	AUX
vendu	vendre	VERB
?…	?…	PUNCTsent
↵↵	↵↵	PUNCTstruct
Cependant	cependant	ADV
,	,	PUNCTclause
au	au	ADP_DET
bruit	bruit	NOUN
de	de	DET
cette	ce	NOUN
pénible	pénible	ADJ
scène	scène	NOUN
,	,	PUNCTclause
accourent	accourir	VERB
quelques	quelque	DET
hommes	homme	NOUN
qui	qui	PRON
nous	nous	PRON
observaient	observer	VERB
à	à	ADP
courte	court	ADJ
distance	distancer	VERB
.	.	PUNCTsent
Ils	ils	PRON
saisissent	saisir	VERB
Thomas	Thomas	PROPN
Roch	Roch	PROPN
,	,	PUNCTclause
ils	ils	PRON
le	le:PRON	PRON
contiennent	contenir	VERB
,	,	PUNCTclause
ils	ils	PRON
l'	le:PRON	PRON
entraînent	entraîner	VERB
.	.	PUNCTsent
D'ailleurs	d'ailleurs	ADV
,	,	PUNCTclause
dès que	dès que	SCONJ
je	je	PRON
suis	être	AUX
hors de	hors de	ADP
sa	son	DET
vue	vue	NOUN
,	,	PUNCTclause
il	il	PRON
se	se	PRON
laisse	laisser	VERB
faire	faire	AUX
,	,	PUNCTclause
il	il	PRON
retrouve	retrouver	VERB
le	le	DET
calme	calme	NOUN
du	du	ADP_DET
corps	corps	NOUN
et	et	CCONJ
de	de	DET
l'	le:PRON	PRON
esprit	esprit	VERB
.	.	PUNCTsent
↵↵	↵↵	PUNCTstruct
—	—	PUNCTclause
27	27	NUM
juillet	juillet	NOUN
.	.	PUNCTsent
—	—	PUNCTclause
À	à	ADP
deux	deux	NUM
jours	jour	NOUN
de	de	DET
là	là	ADV
,	,	PUNCTclause
en	en	ADP
descendant	descendre	VERB
vers	vers	ADP
la	le	DET
berge	berge	NOUN
,	,	PUNCTclause
aux	au	ADP_DET
premières	premier	ADJ
heures	heure	NOUN
du	du	ADP_DET
matin	matin	NOUN
,	,	PUNCTclause
je	je	PRON
me	me	PRON
suis	être	AUX
avancé	avancé	ADJ
jusque	jusque	ADP
à	à	ADP
l'	le	DET
extrémité	extrémité	NOUN
de	de	DET
la	le	AUX
petite	petit	ADJ
jetée	jeter	VERB
de	de	DET
pierre	pierre	NOUN
.	.	PUNCTsent
↵↵	↵↵	PUNCTstruct
Le	le	DET
tug	tug	NOUN
ne	ne	ADV
est	être	AUX
plus	plus	ADV
à	à	ADP
son	son	DET
mouillage	mouillage	NOUN
habituel	habituel	ADJ
le long des	le long des	ADP
roches	roche	NOUN
,	,	PUNCTclause
et	et	CCONJ
ne	ne	ADV
apparaît	apparaître	VERB
en	en	ADP
aucun	aucun	DET
autre	autre	ADJ
point	point	NOUN
du	du	ADP_DET
lagon	lagon	NOUN
.	.	PUNCTsent
du reste	du reste	ADV
,	,	PUNCTclause
Ker	Ker	PROPN
Karraje	Karraje	PROPN
et	et	CCONJ
l'	le	DET
ingénieur	ingénieur	NOUN
Serkö	Serkö	PROPN
ne	ne	ADV
étaient	être	AUX
pas	pas	ADV
partis	partir	VERB
,	,	PUNCTclause
comme	comme	ADP
je	je	PRON
le	le	DET
supposais	supposer	NOUN
,	,	PUNCTclause
car	car	CCONJ
je	je	PRON
les	le:PRON	PRON
ai	avoir	AUX
aperçus	apercevoir	VERB
dans	dans	ADP
la	le	DET
soirée	soirée	NOUN
de	de	DET
hier	hier	ADV
.	.	PUNCTsent
↵↵	↵↵	PUNCTstruct
Mais	mais	CCONJ
,	,	PUNCTclause
aujourd'hui	aujourd'hui	ADV
,	,	PUNCTclause
il y a	il y a	VERB
tout	tout	ADJ
lieu	lieu	NOUN
de	de	DET
croire	croire	NOUN
que	que	SCONJ
ils	ils	PRON
se	se	PRON
sont	être	AUX
embarqués	embarquer	VERB
à bord	à bord	ADV
du	du	ADP_DET
tug	tug	NOUN
avec	avec	ADP
le	le	DET
capitaine	capitaine	NOUN
Spade	Spade	PROPN
et	et	CCONJ
son	son	DET
équipage	équipage	NOUN
,	,	PUNCTclause
que	que	SCONJ
ils	ils	PRON
ont	avoir	AUX
rejoint	rejoindre	VERB
la	le	DET
goélette	goélette	NOUN
dans	dans	ADP
la	le	DET
crique	crique	NOUN
de	de	DET
l'	le	NOUN
îlot	îlot	NOUN
,	,	PUNCTclause
et	et	CCONJ
que	que	SCONJ
l'	le	DET
Ebba	Ebba	PROPN
,	,	PUNCTclause
à	à	ADP
cette	ce	DET
heure	heure	NOUN
,	,	PUNCTclause
est	être	AUX
en	en	ADP
cours	cours	NOUN
de	de	DET
navigation	navigation	NOUN
.	.	PUNCTsent
↵↵	↵↵	PUNCTstruct
se	se	PRON
agit	agir	VERB
il	il	PRON
de	de	DET
quelque	quelque	SCONJ
coup	coup	NOUN
de	de	DET
piraterie	piraterie	NOUN
?…	?…	PUNCTsent
ce	ce	PRON
est	être	AUX
possible	possible	ADJ
.	.	PUNCTsent
Toutefois	toutefois	ADV
il	il	PRON
est	être	AUX
également	également	ADV
possible	possible	ADJ
que	que	SCONJ
Ker	Ker	PROPN
Karraje	Karraje	PROPN
,	,	PUNCTclause
redevenu	redevenir	VERB
le	le	DET
comte	comte	NOUN
de	de	DET
Artigas	Artigas	PROPN
à bord de	à bord de	ADP
son	son	DET
yacht	yacht	NOUN
de	de	DET
plaisance	plaisance	NOUN
,	,	PUNCTclause
ait	avoir	AUX
voulu	vouloir	VERB
rallier	rallier	VERB
quelque	quelque	DET
point	point	NOUN
du	du	ADP_DET
littoral	littoral	NOUN
,	,	PUNCTclause
afin de	afin de	ADP
se	se	PRON
procurer	procurer	VERB
les	le	DET
substances	substance	NOUN
nécessaires	nécessaire	ADJ
à	à	ADP
la	le	DET
préparation	préparation	NOUN
du	du	ADP_DET
Fulgurateur	Fulgurateur	PROPN
Roch	Roch	PROPN
…	…	PUNCTsent
↵↵	↵↵	PUNCTstruct
ha	ha	NOUN
!	!	PUNCTsent
si	si	SCONJ
je	je	PRON
avais	avoir	AUX
eu	avoir	VERB
la	le	DET
possibilité	possibilité	NOUN
de	de	DET
me	me	PRON
cacher	cacher	VERB
à bord	à bord	ADV
du	du	ADP_DET
tug	tug	NOUN
,	,	PUNCTclause
de	de	DET
me	me	PRON
glisser	glisser	VERB
dans	dans	ADP
la	le	DET
cale	cale	NOUN
de	de	DET
l'	le	NOUN
Ebba	Ebba	PROPN
,	,	PUNCTclause
de	de	DET
y	y	PRON
demeurer	demeurer	VERB
caché	cacher	VERB
jusque	jusque	ADP
à	à	ADP
l'	le	DET
arrivée	arrivée	NOUN
au	au	ADP_DET
port	port	NOUN
!…	!…	PUNCTsent
Alors	alors	ADV
,	,	PUNCTclause
peut-être	peut-être	ADV
,	,	PUNCTclause
eussé	avoir	PRON
je	je	PRON
pu	pouvoir	VERB
me	me	PRON
échapper	échapper	VERB
…	…	PUNCTsent
délivrer	délivrer	VERB
le	le	DET
monde	monde	NOUN
de	de	DET
cette	ce	ADJ
bande	bande	NOUN
de	de	DET
pirates	pirater	VERB
!…	!…	PUNCTsent
↵↵	↵↵	PUNCTstruct
On	on	PRON
voit	voir	AUX
à	à	ADP
quelles	quel	DET
pensées	pensée	NOUN
je	je	PRON
me	me	PRON
abandonne	abandonner	VERB
obstinément	obstinément	ADJ
…	…	PUNCTsent
Fuir	fuir	VERB
…	…	PUNCTsent
fuir	fuir	VERB
à	à	ADP
tout	tout	ADJ
prix	prix	NOUN
ce	ce	PRON
repaire	repairer	VERB
!…	!…	PUNCTsent
Mais	mais	CCONJ
la	le	DET
fuite	fuite	NOUN
ne	ne	ADV
est	être	AUX
possible	possible	ADJ
que	que	SCONJ
par	par	ADP
le	le	DET
tunnel	tunnel	NOUN
avec	avec	ADP
le	le	DET
bateau	bateau	NOUN
sous-marin	sous-marin	ADJ
!…	!…	PUNCTsent
n'est-ce pas	n'est-ce pas	ADV
folie	folie	VERB
que	que	SCONJ
de	de	DET
y	y	PRON
songer	songer	VERB
?…	?…	PUNCTsent
Oui	oui	INTJ
!…	!…	PUNCTsent
folie	folie	VERB
…	…	PUNCTsent
Et	et	CCONJ
pourtant	pourtant	ADV
,	,	PUNCTclause
quel	quel	DET
autre	autre	ADJ
moyen	moyen	NOUN
de	de	DET
se	se	PRON
évader	évader	VERB
de	de	DET
Back-Cup	Back-Cup	PROPN
?…	?…	PUNCTsent
↵↵	↵↵	PUNCTstruct
tandis que	tandis que	SCONJ
je	je	PRON
me	me	PRON
livre	livrer	VERB
à	à	ADP
ces	ce	DET
réflexions	réflexion	NOUN
,	,	PUNCTclause
voici	voici	VERB
que	que	SCONJ
les	le	DET
eaux	eau	NOUN
du	du	ADP_DET
lagon	lagon	NOUN
se	se	PRON
entrouvrent	entrouvrir	VERB
à	à	ADP
vingt	vingt	NUM
mètres	mètre	NOUN
de	de	DET
la	le	AUX
jetée	jeter	VERB
pour	pour	ADP
livrer	livrer	VERB
passage	passage	NOUN
au	au	ADP_DET
tug	tug	NOUN
.	.	PUNCTsent
Presque	presque	ADV
aussitôt	aussitôt	ADV
,	,	PUNCTclause
son	son	DET
panneau	panneau	NOUN
se	se	PRON
rabat	rabattre	VERB
,	,	PUNCTclause
le	le	DET
mécanicien	mécanicien	NOUN
Gibson	Gibson	PROPN
et	et	CCONJ
les	le	DET
hommes	homme	NOUN
montent	monter	VERB
sur	sur	ADP
la	le	DET
plate-forme	plate-forme	NOUN
.	.	PUNCTsent
D'autres	d'autre	PRON
accourent	accourir	VERB
sur	sur	ADP
les	le	DET
roches	roche	NOUN
afin de	afin de	ADP
recevoir	recevoir	VERB
une	un	DET
amarre	amarre	NOUN
.	.	PUNCTsent
On	on	PRON
la	le	DET
saisit	saisir	NOUN
,	,	PUNCTclause
on	on	PRON
hale	haler	PRON
dessus	dessus	ADV
,	,	PUNCTclause
et	et	CCONJ
l'	le	DET
appareil	appareil	NOUN
vient	venir	VERB
reprendre	reprendre	VERB
son	son	DET
mouillage	mouillage	NOUN
.	.	PUNCTsent
↵↵	↵↵	PUNCTstruct
Donc	donc	ADV
,	,	PUNCTclause
cette fois ci	cette fois ci	PRON
,	,	PUNCTclause
la	le	DET
goélette	goélette	NOUN
navigue	naviguer	VERB
sans	sans	ADP
l'	le	DET
aide	aide	NOUN
de	de	DET
son	son	NOUN
remorqueur	remorqueur	NOUN
,	,	PUNCTclause
lequel	lequel	PRON
ne	ne	ADV
est	être	AUX
sorti	sortir	VERB
que	que	SCONJ
pour	pour	ADP
mettre	mettre	VERB
Ker	Ker	PROPN
Karraje	Karraje	PROPN
et	et	CCONJ
ses	son	DET
compagnons	compagnon	NOUN
à bord de	à bord de	ADP
l'	le	DET
Ebba	Ebba	PROPN
et	et	CCONJ
la	le	DET
dégager	dégager	VERB
des	un	ADP_DET
passes	passe	NOUN
de	de	DET
l'	le	NOUN
îlot	îlot	NOUN
.	.	PUNCTsent
↵↵	↵↵	PUNCTstruct
Cela	cela	PRON
me	me	PRON
confirme	confirmer	VERB
dans	dans	ADP
l'	le	DET
idée	idée	NOUN
que	que	SCONJ
ce	ce	DET
voyage	voyage	NOUN
ne	ne	ADV
a	avoir	VERB
d'autre	d'autre	ADV
objet	objet	NOUN
que	que	SCONJ
de	de	DET
gagner	gagner	VERB
un	un	DET
des	un	NOUN
ports	port	NOUN
américains	américain	ADJ
,	,	PUNCTclause
ou	ou	CCONJ
le	le	DET
comte	comte	NOUN
de	de	DET
Artigas	Artigas	PROPN
pourra	pouvoir	VERB
se	se	PRON
procurer	procurer	VERB
les	le	DET
matières	matière	NOUN
qui	qui	PRON
composent	composer	VERB
l'	le	DET
explosif	explosif	NOUN
et	et	CCONJ
commander	commander	VERB
les	le	DET
engins	engin	NOUN
à	à	ADP
quelque	quelque	DET
usine	usine	NOUN
.	.	PUNCTsent
Puis	puis	CCONJ
,	,	PUNCTclause
au	au	ADP_DET
jour	jour	NOUN
fixé	fixer	VERB
pour	pour	ADP
son	son	DET
retour	retour	NOUN
,	,	PUNCTclause
le	le	DET
tug	tug	NOUN
repassera	repasser	VERB
le	le	DET
tunnel	tunnel	NOUN
,	,	PUNCTclause
rejoindra	rejoindre	VERB
la	le	DET
goélette	goélette	NOUN
,	,	PUNCTclause
et	et	CCONJ
Ker	Ker	PROPN
Karraje	Karraje	PROPN
rentrera	rentrer	VERB
à	à	ADP
Back-Cup	Back-Cup	PROPN
…	…	PUNCTsent
↵↵	↵↵	PUNCTstruct
Décidément	décidément	ADV
,	,	PUNCTclause
les	le	DET
desseins	dessein	NOUN
de	de	DET
ce	ce	PRON
malfaiteur	malfaiteur	VERB
sont	être	AUX
en	en	ADP
cours	cours	NOUN
de	de	DET
exécution	exécution	NOUN
,	,	PUNCTclause
et	et	CCONJ
cela	cela	PRON
marche	marcher	VERB
plus	plus	ADV
vite	vite	ADJ
que	que	SCONJ
je	je	PRON
ne	ne	ADV
le	le:PRON	PRON
supposais	supposer	VERB
!	!	PUNCTsent
↵↵	↵↵	PUNCTstruct
—	—	PUNCTclause
3	3	NUM
août	août	NOUN
.	.	PUNCTsent
—	—	PUNCTclause
Aujourd'hui	aujourd'hui	ADV
se	se	PRON
est	être	AUX
produit	produire	VERB
un	un	DET
incident	incident	NOUN
dont	dont	PRON
le	le	DET
lagon	lagon	NOUN
a	avoir	AUX
été	être	AUX
le	le	DET
théâtre	théâtre	NOUN
,	,	PUNCTclause
—	—	PUNCTclause
incident	incident	NOUN
très	très	ADV
curieux	curieux	ADJ
,	,	PUNCTclause
et	et	CCONJ
qui	qui	PRON
doit	devoir	VERB
être	être	AUX
extrêmement	extrêmement	ADV
rare	rare	ADJ
.	.	PUNCTsent
↵↵	↵↵	PUNCTstruct
Vers	vers	ADP
trois	trois	NUM
heures	heure	NOUN
de	de	DET
l'	le	NOUN
après-midi	après-midi	NOUN
,	,	PUNCTclause
un	un	DET
vif	vif	NOUN
bouillonnement	bouillonnement	NOUN
trouble	trouble	ADJ
les	le	DET
eaux	eau	NOUN
pendant	pendant	ADP
une	un	DET
minute	minute	NOUN
,	,	PUNCTclause
cesse	cesser	VERB
pendant	pendant	ADP
deux	deux	NUM
ou	ou	CCONJ
trois	trois	NUM
,	,	PUNCTclause
et	et	CCONJ
recommence	recommencer	VERB
dans	dans	ADP
la	le	DET
partie	partie	NOUN
centrale	central	ADJ
du	du	ADP_DET
lagon	lagon	NOUN
.	.	PUNCTsent
↵↵	↵↵	PUNCTstruct
Une	un	DET
quinzaine	quinzaine	NOUN
de	de	DET
pirates	pirater	VERB
,	,	PUNCTclause
dont	dont	PRON
l'	le	DET
attention	attention	NOUN
est	être	AUX
attirée	attirer	VERB
par	par	ADP
ce	ce	DET
phénomène	phénomène	NOUN
assez	assez	ADV
inexplicable	inexplicable	ADJ
,	,	PUNCTclause
sont	être	AUX
descendus	descendre	VERB
sur	sur	ADP
la	le	DET
berge	berge	NOUN
,	,	PUNCTclause
non sans	non sans	ADP
donner	donner	VERB
des	un	DET
marques	marque	NOUN
de	de	DET
étonnement	étonnement	NOUN
auquel	auquel	ADP_DET
se	se	PRON
mêle	mêler	VERB
un	un	DET
certain	certain	ADJ
effroi	effroi	NOUN
,	,	PUNCTclause
—	—	PUNCTclause
à	à	ADP
ce	ce	PRON
que	que	SCONJ
il	il	PRON
me	me	PRON
semble	sembler	VERB
.	.	PUNCTsent
↵↵	↵↵	PUNCTstruct
Ce	ce	PRON
ne	ne	ADV
est	être	AUX
point	point	ADV
le	le	DET
tug	tug	NOUN
qui	qui	PRON
cause	causer	VERB
cette	ce	DET
agitation	agitation	NOUN
des	un	ADP_DET
eaux	eau	NOUN
,	,	PUNCTclause
puisque	puisque	SCONJ
il	il	PRON
est	être	AUX
amarré	amarré	ADJ
près de	près de	ADP
la	le	DET
jetée	jetée	NOUN
.	.	PUNCTsent
quant à	quant à	ADP
supposé que	supposé que	ADP
un	un	DET
autre	autre	ADJ
appareil	appareil	NOUN
submersible	submersible	NOUN
serait	être	AUX
parvenu	parvenir	VERB
à	à	ADP
se	se	PRON
introduire	introduire	VERB
par	par	ADP
le	le	DET
tunnel	tunnel	NOUN
,	,	PUNCTclause
cela	cela	PRON
paraît	paraître	VERB
,	,	PUNCTclause
à	à	ADP
tout	tout	ADJ
le	le	DET
moins	moins	ADV
,	,	PUNCTclause
invraisemblable	invraisemblable	ADJ
.	.	PUNCTsent
↵↵	↵↵	PUNCTstruct
Presque	presque	ADV
aussitôt	aussitôt	ADV
,	,	PUNCTclause
des	un	DET
cris	cri	NOUN
retentissent	retentir	VERB
sur	sur	ADP
la	le	DET
rive	rive	NOUN
opposée	opposer	VERB
.	.	PUNCTsent
D'autres	d'autre	PRON
hommes	homme	NOUN
se	se	PRON
adressent	adresser	VERB
aux	au	ADP_DET
premiers	premier	ADJ
en	en	ADP
un	un	DET
langage	langage	NOUN
inintelligible	inintelligible	ADJ
,	,	PUNCTclause
et	et	CCONJ
,	,	PUNCTclause
à la suite de	à la suite de	ADP
un	un	DET
échange	échange	NOUN
de	de	DET
dix	dix	NUM
à	à	ADP
douze	douze	NUM
phrases	phrase	NOUN
rauques	rauque	ADJ
,	,	PUNCTclause
ceux	ceux	PRON
retournent	retourner	VERB
en	en	ADP
toute	tout	ADJ
hâte	hâte	NOUN
du côté de	du côté de	ADP
Bee-Hive	Bee-Hive	PROPN
.	.	PUNCTsent
↵↵	↵↵	PUNCTstruct
Ont	avoir	AUX
ils	ils	PRON
donc	donc	ADV
aperçu	apercevoir	VERB
quelque	quelque	DET
monstre	monstre	NOUN
marin	marin	ADJ
engagé	engager	VERB
sous	sous	ADP
les	le	DET
eaux	eau	NOUN
du	du	ADP_DET
lagon	lagon	NOUN
?…	?…	PUNCTsent
Vont	aller	VERB
ils	ils	PRON
chercher	chercher	VERB
des	un	DET
armes	arme	NOUN
pour	pour	ADP
l'	le	DET
attaquer	attaquer	NOUN
,	,	PUNCTclause
des	un	DET
engins	engin	NOUN
de	de	DET
pêche	pêche	NOUN
pour	pour	ADP
en	en	PRON
opérer	opérer	VERB
la	le	DET
capture	capture	NOUN
?…	?…	PUNCTsent
↵↵	↵↵	PUNCTstruct
je	je	PRON
ai	avoir	AUX
deviné	deviner	VERB
,	,	PUNCTclause
et	et	CCONJ
,	,	PUNCTclause
un	un	DET
instant	instant	NOUN
plus tard	plus tard	ADV
,	,	PUNCTclause
je	je	PRON
les	le:PRON	PRON
vois	voir	PRON
revenir	revenir	VERB
sur	sur	ADP
les	le	DET
berges	berge	NOUN
,	,	PUNCTclause
armés	armer	VERB
de	de	DET
fusils	fusil	NOUN
à	à	ADP
balles	balle	NOUN
explosibles	explosible	ADJ
et	et	CCONJ
de	de	DET
harpons	harpon	NOUN
munis	munir	VERB
de	de	DET
longues	long	ADJ
lignes	ligne	NOUN
.	.	PUNCTsent
↵↵	↵↵	PUNCTstruct
ce	ce	PRON
est	être	AUX
,	,	PUNCTclause
en effet	en effet	ADV
,	,	PUNCTclause
une	un	DET
baleine	baleine	NOUN
,	,	PUNCTclause
—	—	PUNCTclause
de	de	DET
l'	le	NOUN
espèce	espèce	NOUN
de	de	DET
ces	ce	NOUN
cachalots	cachalot	VERB
si	si	SCONJ
nombreux	nombreux	ADJ
aux	au	ADP_DET
Bermudes	Bermudes	PROPN
,	,	PUNCTclause
—	—	PUNCTclause
qui	qui	PRON
,	,	PUNCTclause
après	après	ADP
avoir	avoir	AUX
traversé	traverser	VERB
le	le	DET
tunnel	tunnel	NOUN
,	,	PUNCTclause
se	se	PRON
débat	débattre	VERB
maintenant	maintenant	ADV
dans	dans	ADP
les	le	DET
profondeurs	profondeur	NOUN
du	du	ADP_DET
lagon	lagon	NOUN
.	.	PUNCTsent
Puisque	puisque	SCONJ
l'	le	DET
animal	animal	NOUN
a	avoir	AUX
été	être	AUX
contraint	contraindre	VERB
de	de	DET
chercher	chercher	NOUN
un	un	DET
refuge	refuge	NOUN
à l'intérieur de	à l'intérieur de	ADP
Back-Cup	Back-Cup	PROPN
,	,	PUNCTclause
dois	devoir	VERB
je	je	PRON
en	en	ADP
conclure	conclure	VERB
que	que	SCONJ
il	il	PRON
était	être	AUX
poursuivi	poursuivre	VERB
,	,	PUNCTclause
que	que	SCONJ
des	un	DET
baleiniers	baleinier	NOUN
lui	lui	PRON
donnaient	donner	VERB
la	le	DET
chasse	chasse	NOUN
?…	?…	PUNCTsent
↵↵	↵↵	PUNCTstruct
Quelques	quelque	DET
minutes	minute	NOUN
se	se	PRON
écoulent	écouler	VERB
avant que	avant que	SCONJ
le	le	DET
cétacé	cétacé	NOUN
remonte	remonter	VERB
à	à	ADP
la	le	DET
surface	surface	NOUN
du	du	ADP_DET
lagon	lagon	NOUN
.	.	PUNCTsent
On	on	PRON
entrevoit	entrevoir	VERB
sa	son	DET
masse	masse	NOUN
énorme	énorme	ADJ
,	,	PUNCTclause
luisante	luisant	ADJ
et	et	CCONJ
verdâtre	verdâtre	ADJ
,	,	PUNCTclause
évoluer	évoluer	VERB
comme	comme	ADP
si	si	SCONJ
il	il	PRON
luttait	lutter	VERB
contre	contre	ADP
un	un	DET
redoutable	redoutable	NOUN
ennemi	ennemi	ADJ
.	.	PUNCTsent
lorsque	lorsque	SCONJ
il	il	PRON
reparaît	reparaître	VERB
,	,	PUNCTclause
deux	deux	NUM
colonnes	colonne	NOUN
liquides	liquide	ADJ
jaillissent	jaillir	VERB
à	à	ADP
grand	grand	ADJ
bruit	bruit	NOUN
de	de	DET
ses	son	NOUN
évents	évent	NOUN
.	.	PUNCTsent
↵↵	↵↵	PUNCTstruct
«	«	PUNCTclause
Si	si	SCONJ
ce	ce	PRON
est	être	VERB
par	par	ADP
nécessité	nécessité	NOUN
de	de	DET
échapper	échapper	NOUN
à	à	ADP
la	le	DET
chasse	chasse	NOUN
des	un	ADP_DET
baleiniers	baleinier	NOUN
que	que	SCONJ
cet	ce	DET
animal	animal	NOUN
se	se	PRON
est	être	AUX
jeté	jeter	VERB
à travers	à travers	ADP
le	le	DET
tunnel	tunnel	NOUN
,	,	PUNCTclause
me	me	PRON
dis	dire	VERB
je	je	PRON
alors	alors	ADV
,	,	PUNCTclause
ce	ce	PRON
est	être	AUX
que	que	ADV
il y a	il y a	VERB
un	un	DET
navire	navire	NOUN
à	à	ADP
proximité	proximité	NOUN
de	de	DET
Back-Cup	Back-Cup	PROPN
…	…	PUNCTsent
peut-être	peut-être	ADV
à	à	ADP
quelques	quelque	DET
encablures	encablure	NOUN
du	du	ADP_DET
littoral	littoral	NOUN
…	…	PUNCTsent
ce	ce	PRON
est	être	AUX
que	que	SCONJ
ses	son	DET
embarcations	embarcation	NOUN
ont	avoir	AUX
suivi	suivre	VERB
les	le	DET
passes	passe	NOUN
de	de	DET
l'	le	NOUN
ouest	ouest	NOUN
jusque	jusque	ADP
au	au	ADP_DET
pied	pied	NOUN
de	de	DET
l'	le:PRON	PRON
îlot	îlot	VERB
…	…	PUNCTsent
Et	et	CCONJ
ne	ne	ADV
pouvoir	pouvoir	VERB
communiquer	communiquer	VERB
avec	avec	ADP
elles	elles	PRON
!…	!…	PUNCTsent
»	»	PUNCTclause
↵↵	↵↵	PUNCTstruct
Et	et	CCONJ
quand	quand	SCONJ
cela	cela	PRON
serait	être	AUX
,	,	PUNCTclause
est-ce que	est-ce que	ADV
il	il	PRON
me	me	PRON
est	être	AUX
possible	possible	ADJ
de	de	DET
les	le:PRON	PRON
rejoindre	rejoindre	VERB
à travers	à travers	ADP
ces	ce	DET
parois	paroi	NOUN
de	de	DET
Back-Cup	Back-Cup	PROPN
?…	?…	PUNCTsent
↵↵	↵↵	PUNCTstruct
Au	au	ADP_DET
surplus	surplus	NOUN
,	,	PUNCTclause
je	je	PRON
ne	ne	ADV
tarde	tarder	VERB
pas	pas	ADV
à	à	ADP
être	être	AUX
fixé	fixer	VERB
sur	sur	ADP
la	le	DET
cause	cause	NOUN
qui	qui	PRON
a	avoir	AUX
provoqué	provoquer	VERB
l'	le	DET
apparition	apparition	NOUN
du	du	ADP_DET
cachalot	cachalot	NOUN
.	.	PUNCTsent
Il	il	PRON
ne	ne	ADV
se	se	PRON
agit	agir	VERB
point	point	ADV
de	de	DET
pêcheurs	pêcheur	NOUN
acharnés	acharner	VERB
à	à	ADP
sa	son	DET
poursuite	poursuite	NOUN
,	,	PUNCTclause
mais	mais	CCONJ
de	de	DET
une	un	PRON
bande	bande	NOUN
de	de	DET
requins	requin	NOUN
,	,	PUNCTclause
—	—	PUNCTclause
de	de	DET
ces	ce	NOUN
formidables	formidable	ADJ
squales	squale	ADJ
qui	qui	PRON
infectent	infecter	VERB
les	le	DET
parages	parage	NOUN
des	un	ADP_DET
Bermudes	Bermudes	PROPN
.	.	PUNCTsent
Je	je	PRON
les	le:PRON	PRON
distingue	distinguer	VERB
sans	sans	ADP
peine	peine	NOUN
entre	entre	ADP
deux	deux	NUM
eaux	eau	NOUN
.	.	PUNCTsent
Au	au	ADP_DET
nombre	nombre	NOUN
de	de	DET
cinq	cinq	NUM
ou	ou	CCONJ
six	six	NUM
,	,	PUNCTclause
ils	ils	PRON
se	se	PRON
retournent	retourner	VERB
sur	sur	ADP
le	le	DET
flanc	flanc	NOUN
,	,	PUNCTclause
ouvrant	ouvrer	VERB
leurs	leur	DET
énormes	énorme	ADJ
mâchoires	mâchoire	NOUN
hérissées	hérisser	VERB
de	de	DET
dents	dent	NOUN
comme	comme	ADP
une	un	DET
étrille	étriller	VERB
est	être	AUX
hérissée	hérisser	VERB
de	de	DET
pointes	pointe	NOUN
.	.	PUNCTsent
Ils	ils	PRON
se	se	PRON
précipitent	précipiter	VERB
sur	sur	ADP
la	le	DET
baleine	baleine	NOUN
qui	qui	PRON
ne	ne	ADV
peut	pouvoir	VERB
se	se	PRON
défendre	défendre	VERB
que	que	ADV
en	en	ADP
les	le	DET
assommant	assommant	NOUN
à	à	ADP
coups	coup	NOUN
de	de	DET
queue	queue	NOUN
.	.	PUNCTsent
Elle	elle	PRON
a	avoir	AUX
déjà	déjà	ADV
reçu	recevoir	VERB
de	de	DET
larges	large	ADJ
blessures	blessure	NOUN
,	,	PUNCTclause
et	et	CCONJ
les	le	DET
eaux	eau	NOUN
se	se	PRON
teignent	teindre	VERB
de	de	DET
colorations	coloration	NOUN
rougeâtres	rougeâtre	ADJ
,	,	PUNCTclause
tandis que	tandis que	SCONJ
elle	elle	PRON
plonge	plonger	VERB
,	,	PUNCTclause
remonte	remonter	VERB
,	,	PUNCTclause
émerge	émerger	VERB
,	,	PUNCTclause
sans	sans	ADP
parvenir	parvenir	VERB
à	à	ADP
éviter	éviter	VERB
les	le	DET
morsures	morsure	NOUN
des	un	ADP_DET
squales	squale	NOUN
.	.	PUNCTsent
↵↵	↵↵	PUNCTstruct
Et	et	CCONJ
,	,	PUNCTclause
pourtant	pourtant	ADV
,	,	PUNCTclause
ce	ce	DET
ne	ne	ADV
seront	être	AUX
pas	pas	ADV
ces	ce	DET
voraces	vorace	NOUN
animaux	animal	ADJ
qui	qui	PRON
sortiront	sortir	VERB
vainqueurs	vainqueur	NOUN
de	de	DET
la	le	AUX
lutte	lutte	NOUN
.	.	PUNCTsent
Cette	ce	DET
proie	proie	NOUN
va	aller	VERB
leur	leur	DET
échapper	échapper	ADJ
,	,	PUNCTclause
car	car	CCONJ
l'	le	DET
homme	homme	NOUN
,	,	PUNCTclause
avec	avec	ADP
ses	son	DET
engins	engin	NOUN
,	,	PUNCTclause
est	être	AUX
plus	plus	ADV
puissant	puissant	ADJ
que	que	SCONJ
eux	eux	PRON
.	.	PUNCTsent
il y a	il y a	VERB
là	là	ADV
,	,	PUNCTclause
sur	sur	ADP
les	le	DET
berges	berge	NOUN
,	,	PUNCTclause
nombre	nombre	NOUN
des	un	ADP_DET
compagnons	compagnon	NOUN
de	de	DET
Ker	Ker	PROPN
Karraje	Karraje	PROPN
,	,	PUNCTclause
qui	qui	PRON
ne	ne	ADV
valent	valoir	VERB
pas	pas	ADV
mieux	mieux	ADV
que	que	SCONJ
ces	ce	DET
requins	requin	NOUN
,	,	PUNCTclause
car	car	CCONJ
pirates	pirater	VERB
ou	ou	CCONJ
tigres	tigrer	VERB
de	de	DET
mer	mer	NOUN
,	,	PUNCTclause
ce	ce	PRON
est	être	AUX
tout	tout	ADJ
un	un	DET
!…	!…	PUNCTsent
Ils	ils	PRON
vont	aller	VERB
essayer	essayer	VERB
de	de	DET
capturer	capturer	NOUN
le	le	DET
cachalot	cachalot	NOUN
,	,	PUNCTclause
et	et	CCONJ
cet	ce	DET
animal	animal	NOUN
sera	être	AUX
de	de	DET
bonne	bon	ADJ
prise	prendre	VERB
pour	pour	ADP
les	le	DET
gens	gens	NOUN
de	de	DET
Back-Cup	Back-Cup	PROPN
!…	!…	PUNCTsent
↵↵	↵↵	PUNCTstruct
En	en	ADP
ce	ce	DET
moment	moment	NOUN
,	,	PUNCTclause
la	le	DET
baleine	baleine	NOUN
se	se	PRON
rapproche	rapprocher	VERB
de	de	DET
la	le	AUX
jetée	jeter	VERB
,	,	PUNCTclause
sur	sur	ADP
laquelle	laquelle	PRON
sont	être	AUX
postés	poster	VERB
le	le	DET
Malais	Malais	PROPN
du	du	ADP_DET
comte	comte	NOUN
de	de	DET
Artigas	Artigas	PROPN
et	et	CCONJ
plusieurs	plusieurs	DET
autres	autre	PRON
des	un	ADP_DET
plus	plus	ADV
robustes	robuste	ADJ
.	.	PUNCTsent
Ledit	ledit	DET
Malais	Malais	PROPN
est	être	AUX
armé	armer	VERB
de	de	DET
un	un	PRON
harpon	harpon	PUNCT
auquel	auquel	ADP_PRON
se	se	PRON
rattache	rattacher	VERB
une	un	DET
longue	long	ADJ
corde	corde	NOUN
.	.	PUNCTsent
Il	il	PRON
le	le	DET
brandit	brandir	NOUN
de	de	DET
un	un	PRON
bras	bras	NOUN
vigoureux	vigoureux	ADJ
et	et	CCONJ
le	le	DET
lance	lance	NOUN
avec	avec	ADP
autant	autant	ADV
de	de	DET
force	force	NOUN
que	que	ADV
de	de	DET
adresse	adresse	NOUN
.	.	PUNCTsent
↵↵	↵↵	PUNCTstruct
Grièvement	grièvement	ADV
atteinte	atteindre	VERB
sous	sous	ADP
sa	son	DET
nageoire	nageoire	NOUN
gauche	gauche	ADJ
,	,	PUNCTclause
la	le	DET
baleine	baleine	NOUN
se	se	PRON
enfonce	enfoncer	VERB
de	de	DET
un	un	PRON
coup	coup	VERB
brusque	brusque	ADJ
,	,	PUNCTclause
escortée	escorter	VERB
des	un	DET
squales	squale	NOUN
qui	qui	PRON
se	se	PRON
immergent	immerger	VERB
à	à	ADP
sa	son	DET
suite	suite	NOUN
.	.	PUNCTsent
La	le	DET
corde	corde	NOUN
du	du	ADP_DET
harpon	harpon	NOUN
se	se	PRON
déroule	dérouler	VERB
sur	sur	ADP
une	un	DET
longueur	longueur	NOUN
de	de	DET
cinquante	cinquante	NUM
à	à	ADP
soixante	soixante	NUM
mètres	mètre	NOUN
.	.	PUNCTsent
Il	il	PRON
ne	ne	ADV
y	y	PRON
a	avoir	VERB
plus	plus	ADV
que	que	SCONJ
à	à	ADP
haler	haler	VERB
dessus	dessus	ADV
,	,	PUNCTclause
et	et	CCONJ
l'	le	DET
animal	animal	NOUN
reviendra	revenir	VERB
du	du	ADP_DET
fond	fond	NOUN
pour	pour	ADP
exhaler	exhaler	VERB
son	son	DET
dernier	dernier	ADJ
souffle	souffle	NOUN
à	à	ADP
la	le	DET
surface	surface	NOUN
.	.	PUNCTsent
↵↵	↵↵	PUNCTstruct
ce	ce	PRON
est-ce que	est-ce que	ADV
exécutent	exécuter	VERB
le	le	DET
Malais	Malais	PROPN
et	et	CCONJ
ses	son	DET
camarades	camarade	NOUN
,	,	PUNCTclause
sans	sans	ADP
y	y	PRON
mettre	mettre	VERB
trop	trop	ADV
de	de	DET
hâte	hâte	NOUN
,	,	PUNCTclause
de manière à	de manière à	ADP
ne	ne	ADV
point	point	ADV
arracher	arracher	VERB
le	le	DET
harpon	harpon	NOUN
des	un	ADP_DET
flancs	flanc	NOUN
de	de	DET
la	la	NUM
baleine	baleine	NOUN
,	,	PUNCTclause
qui	qui	PRON
ne	ne	ADV
tarde	tarder	VERB
pas	pas	ADV
à	à	ADP
reparaître	reparaître	VERB
près de	près de	ADP
la	le	DET
paroi	paroi	NOUN
où	où	ADV
se	se	PRON
ouvre	ouvrir	VERB
l'	le	DET
orifice	orifice	NOUN
du	du	ADP_DET
tunnel	tunnel	NOUN
.	.	PUNCTsent
↵↵	↵↵	PUNCTstruct
Frappé	frapper	VERB
à	à	ADP
mort	mort	NOUN
,	,	PUNCTclause
l'	le	DET
énorme	énorme	ADJ
mammifère	mammifère	NOUN
se	se	PRON
démène	démener	VERB
dans	dans	ADP
une	un	DET
agonie	agonie	NOUN
furieuse	furieux	ADJ
,	,	PUNCTclause
lançant	lancer	VERB
des	un	DET
gerbes	gerber	VERB
de	de	DET
vapeurs	vapeur	NOUN
,	,	PUNCTclause
des	un	DET
colonnes	colonne	NOUN
de	de	DET
air	air	NOUN
et	et	CCONJ
de	de	DET
eau	eau	NOUN
mélangées	mélangé	ADJ
de	de	DET
un	un	NUM
flux	flux	NOUN
de	de	DET
sang	sang	NOUN
.	.	PUNCTsent
Et	et	CCONJ
alors	alors	ADV
,	,	PUNCTclause
de	de	DET
un	un	PRON
terrible	terrible	ADJ
coup	coup	NOUN
,	,	PUNCTclause
il	il	PRON
envoie	envoyer	VERB
un	un	DET
des	un	NOUN
squales	squale	ADJ
tout	tout	ADJ
pantelant	panteler	VERB
sur	sur	ADP
les	le	DET
roches	roche	NOUN
.	.	PUNCTsent
↵↵	↵↵	PUNCTstruct
par suite de	par suite de	ADP
la	le	DET
secousse	secousse	NOUN
,	,	PUNCTclause
le	le	DET
harpon	harpon	NOUN
se	se	PRON
est	être	AUX
détaché	détacher	VERB
de	de	DET
son	son	NOUN
flanc	flanc	NOUN
et	et	CCONJ
le	le	DET
cachalot	cachalot	NOUN
plonge	plonger	VERB
encore	encore	ADV
.	.	PUNCTsent
Quand	quand	SCONJ
il	il	PRON
revient	revenir	VERB
une	un	DET
dernière	dernier	ADJ
fois	fois	NOUN
,	,	PUNCTclause
ce	ce	PRON
est	être	AUX
pour	pour	ADP
battre	battre	VERB
les	le	DET
eaux	eau	NOUN
de	de	DET
un	un	NUM
revers	revers	NOUN
de	de	DET
queue	queue	NOUN
si	si	ADJ
formidable	formidable	ADJ
que	que	SCONJ
une	un	DET
forte	fort	ADJ
dépression	dépression	NOUN
se	se	PRON
produit	produire	VERB
,	,	PUNCTclause
laissant	laisser	VERB
voir	voir	AUX
en	en	ADP
partie	partie	NOUN
l'	le	DET
entrée	entrée	NOUN
du	du	ADP_DET
tunnel	tunnel	NOUN
.	.	PUNCTsent
↵↵	↵↵	PUNCTstruct
Les	le	DET
requins	requin	NOUN
se	se	PRON
précipitent	précipiter	VERB
alors	alors	ADV
sur	sur	ADP
leur	leur	DET
proie	proie	NOUN
;	;	PUNCTclause
mais	mais	CCONJ
une	un	DET
grêle	grêle	NOUN
de	de	DET
balles	balle	NOUN
frappe	frapper	VERB
les	le	DET
uns	un	PRON
et	et	CCONJ
met	mettre	VERB
en	en	ADP
fuite	fuite	NOUN
les	le	DET
autres	autre	ADJ
.	.	PUNCTsent
↵↵	↵↵	PUNCTstruct
La	le	DET
bande	bande	NOUN
des	un	ADP_DET
squales	squale	NOUN
a	avoir	AUX
elle	elle	PRON
pu	pouvoir	VERB
retrouver	retrouver	VERB
l'	le	DET
orifice	orifice	NOUN
,	,	PUNCTclause
sortir	sortir	VERB
de	de	DET
Back-Cup	Back-Cup	PROPN
,	,	PUNCTclause
regagner	regagner	VERB
le	le	DET
large	large	NOUN
?…	?…	PUNCTsent
ce	ce	PRON
est	être	AUX
probable	probable	ADJ
.	.	PUNCTsent
Néanmoins	néanmoins	ADV
,	,	PUNCTclause
pendant	pendant	ADP
quelques	quelque	DET
jours	jour	NOUN
,	,	PUNCTclause
mieux	mieux	ADV
vaudra	valoir	VERB
,	,	PUNCTclause
par	par	ADP
prudence	prudence	NOUN
,	,	PUNCTclause
ne	ne	ADV
point	point	ADV
se	se	PRON
baigner	baigner	VERB
dans	dans	ADP
les	le	DET
eaux	eau	NOUN
du	du	ADP_DET
lagon	lagon	NOUN
.	.	PUNCTsent
quant à	quant à	ADP
la	le	DET
baleine	baleine	NOUN
,	,	PUNCTclause
deux	deux	NUM
hommes	homme	NOUN
se	se	PRON
sont	être	AUX
embarqués	embarquer	VERB
dans	dans	ADP
le	le	DET
canot	canot	NOUN
pour	pour	ADP
aller	aller	VERB
l'	le	DET
amarrer	amarrer	NOUN
.	.	PUNCTsent
Puis	puis	CCONJ
,	,	PUNCTclause
lorsque	lorsque	SCONJ
elle	elle	PRON
a	avoir	AUX
été	être	AUX
halée	haler	VERB
vers	vers	ADP
la	le	DET
jetée	jetée	NOUN
,	,	PUNCTclause
elle	elle	PRON
est	être	AUX
dépecée	dépecer	VERB
par	par	ADP
le	le	DET
Malais	Malais	PROPN
,	,	PUNCTclause
qui	qui	PRON
ne	ne	ADV
semble	sembler	VERB
pas	pas	ADV
novice	novice	ADJ
en	en	ADP
ce	ce	DET
genre	genre	NOUN
de	de	DET
travail	travail	NOUN
.	.	PUNCTsent
↵↵	↵↵	PUNCTstruct
Finalement	finalement	ADV
,	,	PUNCTclause
ce	ce	DET
que	que	SCONJ
je	je	PRON
connais	connaître	VERB
avec	avec	ADP
exactitude	exactitude	NOUN
,	,	PUNCTclause
ce	ce	PRON
est	être	AUX
l'	le	DET
endroit	endroit	NOUN
précis	précis	ADJ
où	où	ADV
débouche	déboucher	NOUN
le	le	DET
tunnel	tunnel	NOUN
à travers	à travers	ADP
la	le	DET
paroi	paroi	NOUN
de	de	DET
l'	le	NOUN
ouest	ouest	NOUN
…	…	PUNCTsent
Cet	ce	DET
orifice	orifice	NOUN
se	se	PRON
trouve	trouver	VERB
à	à	ADP
trois	trois	NUM
mètres	mètre	NOUN
seulement	seulement	ADV
au-dessous de	au-dessous de	ADP
la	le	DET
berge	berge	NOUN
.	.	PUNCTsent
Il	il	PRON
est	être	AUX
vrai	vrai	ADJ
,	,	PUNCTclause
à	à	ADP
quoi	quoi	PRON
cela	cela	PRON
peut	pouvoir	VERB
il	il	PRON
me	me	PRON
servir	servir	VERB
?	?	PUNCTsent
↵↵	↵↵	PUNCTstruct
—	—	PUNCTclause
7	7	NUM
août	août	NOUN
.	.	PUNCTsent
—	—	PUNCTclause
Voici	voici	VERB
douze	douze	NUM
jours	jour	NOUN
que	que	SCONJ
le	le	DET
comte	comte	NOUN
de	de	DET
Artigas	Artigas	PROPN
,	,	PUNCTclause
l'	le	DET
ingénieur	ingénieur	NOUN
Serkö	Serkö	PROPN
et	et	CCONJ
le	le	DET
capitaine	capitaine	NOUN
Spade	Spade	PROPN
ont	avoir	AUX
pris	prendre	VERB
la	le	DET
mer	mer	NOUN
.	.	PUNCTsent
Rien	rien	PRON
ne	ne	ADV
fait	faire	AUX
encore	encore	ADV
présager	présager	VERB
que	que	SCONJ
le	le	DET
retour	retour	NOUN
de	de	DET
la	le	AUX
goélette	goélette	DET
soit	soit	CCONJ
prochain	prochain	ADJ
.	.	PUNCTsent
Cependant	cependant	ADV
je	je	PRON
ai	avoir	AUX
remarqué	remarquer	VERB
que	que	SCONJ
le	le	DET
tug	tug	NOUN
se	se	PRON
tient	tenir	VERB
prêt à	prêt à	ADP
appareiller	appareiller	VERB
comme	comme	ADP
le	le:PRON	PRON
serait	être	AUX
un	un	DET
steamer	steamer	NOUN
resté	rester	VERB
sous	sous	ADP
vapeur	vapeur	NOUN
,	,	PUNCTclause
et	et	CCONJ
ses	son	DET
piles	piler	VERB
sont	être	AUX
toujours	toujours	ADV
tenues	tenir	VERB
en	en	ADP
tension	tension	NOUN
par	par	ADP
le	le	DET
mécanicien	mécanicien	NOUN
Gibson	Gibson	PROPN
.	.	PUNCTsent
Si	si	SCONJ
la	le	DET
goélette	goélette	NOUN
Ebba	Ebba	PROPN
ne	ne	ADV
craint	craindre	VERB
pas	pas	ADV
de	de	DET
gagner	gagner	NOUN
en plein jour	en plein jour	ADV
les	le	DET
ports	port	NOUN
des	un	ADP_DET
États-Unis	États-Unis	PROPN
,	,	PUNCTclause
il	il	PRON
est	être	AUX
probable	probable	ADJ
que	que	SCONJ
elle	elle	PRON
choisira	choisir	VERB
de	de	DET
préférence	préférence	NOUN
le	le	DET
soir	soir	NOUN
pour	pour	ADP
se	se	PRON
engager	engager	VERB
dans	dans	ADP
le	le	DET
chenal	chenal	NOUN
de	de	DET
Back-Cup	Back-Cup	PROPN
.	.	PUNCTsent
Aussi	aussi	ADV
je	je	PRON
pense	penser	VERB
que	que	SCONJ
Ker	Ker	PROPN
Karraje	Karraje	PROPN
et	et	CCONJ
ses	son	DET
compagnons	compagnon	NOUN
reviendront	revenir	VERB
la	le	DET
nuit	nuit	NOUN
.	.	PUNCTsent
↵↵	↵↵	PUNCTstruct
—	—	PUNCTclause
10	10	NUM
août	août	NOUN
.	.	PUNCTsent
—	—	PUNCTclause
Hier	hier	ADV
soir	soir	NOUN
,	,	PUNCTclause
vers	vers	ADP
huit	huit	NUM
heures	heure	NOUN
,	,	PUNCTclause
comme	comme	ADP
je	je	PRON
le	le	DET
prévoyais	prévoir	NOUN
,	,	PUNCTclause
le	le	DET
tug	tug	NOUN
a	avoir	AUX
plongé	plonger	VERB
et	et	CCONJ
franchi	franchir	VERB
le	le	DET
tunnel	tunnel	NOUN
juste	juste	ADJ
à	à	ADP
temps	temps	NOUN
pour	pour	ADP
aller	aller	VERB
donner	donner	VERB
la	le	DET
remorque	remorquer	VERB
à	à	ADP
l'	le	DET
Ebba	Ebba	PROPN
à travers	à travers	ADP
la	le	DET
passe	passe	NOUN
,	,	PUNCTclause
et	et	CCONJ
il	il	PRON
a	avoir	AUX
ramené	ramener	VERB
ses	son	DET
passagers	passager	NOUN
avec	avec	ADP
son	son	DET
équipage	équipage	NOUN
.	.	PUNCTsent
↵↵	↵↵	PUNCTstruct
En	en	ADP
sortant	sortir	VERB
,	,	PUNCTclause
ce	ce	DET
matin	matin	NOUN
,	,	PUNCTclause
je	je	PRON
aperçois	apercevoir	VERB
Thomas	Thomas	PROPN
Roch	Roch	PROPN
et	et	CCONJ
l'	le	DET
ingénieur	ingénieur	NOUN
Serkö	Serkö	PROPN
qui	qui	PRON
se	se	PRON
entretiennent	entretenir	VERB
en	en	ADP
descendant	descendre	VERB
vers	vers	ADP
le	le	DET
lagon	lagon	NOUN
.	.	PUNCTsent
De	de	DET
quoi	quoi	PRON
ils	ils	PRON
parlent	parler	VERB
tous deux	tous deux	PRON
,	,	PUNCTclause
on	on	PRON
le	le:PRON	PRON
devine	deviner	VERB
.	.	PUNCTsent
Je	je	PRON
stationne	stationner	VERB
à	à	ADP
une	un	DET
vingtaine	vingtaine	NOUN
de	de	DET
pas	pas	NOUN
,	,	PUNCTclause
ce	ce	PRON
qui	qui	PRON
me	me	PRON
permet	permettre	VERB
de	de	DET
observer	observer	NOUN
mon	mon	DET
ex-pensionnaire	ex-pensionnaire	NOUN
.	.	PUNCTsent
↵↵	↵↵	PUNCTstruct
Ses	son	DET
yeux	œil	NOUN
brillent	briller	VERB
,	,	PUNCTclause
son	son	DET
front	front	NOUN
se	se	PRON
éclaircit	éclaircir	VERB
,	,	PUNCTclause
sa	son	DET
physionomie	physionomie	NOUN
se	se	PRON
transforme	transformer	VERB
,	,	PUNCTclause
tandis que	tandis que	SCONJ
l'	le	DET
ingénieur	ingénieur	NOUN
Serkö	Serkö	PROPN
répond	répondre	VERB
à	à	ADP
ses	son	DET
questions	question	NOUN
.	.	PUNCTsent
ce	ce	PRON
est	être	AUX
à peine	à peine	ADV
si	si	SCONJ
il	il	PRON
peut	pouvoir	VERB
rester	rester	VERB
en	en	ADP
place	place	NOUN
.	.	PUNCTsent
Aussi	aussi	ADV
se	se	PRON
hâte	hâter	VERB
il	il	PRON
de	de	DET
gagner	gagner	VERB
la	le	DET
jetée	jetée	NOUN
.	.	PUNCTsent
↵↵	↵↵	PUNCTstruct
l'	le	DET
ingénieur	ingénieur	NOUN
Serkö	Serkö	PROPN
le	le:PRON	PRON
suit	suivre	VERB
,	,	PUNCTclause
et	et	CCONJ
tous deux	tous deux	PRON
se	se	PRON
arrêtent	arrêter	VERB
sur	sur	ADP
la	le	DET
berge	berge	NOUN
,	,	PUNCTclause
près	près	ADV
du	du	ADP_DET
tug	tug	NOUN
.	.	PUNCTsent
↵↵	↵↵	PUNCTstruct
l'	le	DET
équipage	équipage	NOUN
,	,	PUNCTclause
occupé	occuper	VERB
au	au	ADP_DET
déchargement	déchargement	NOUN
de	de	DET
la	la	NUM
cargaison	cargaison	NOUN
,	,	PUNCTclause
vient	venir	VERB
de	de	DET
déposer	déposer	PROPN
entre	entre	ADP
les	le	DET
roches	roche	NOUN
dix	dix	NUM
caisses	caisse	NOUN
de	de	DET
moyenne	moyenne	NOUN
grandeur	grandeur	ADJ
.	.	PUNCTsent
Le	le	DET
couvercle	couvercle	NOUN
de	de	DET
ces	ce	NOUN
caisses	caisse	NOUN
porte	porter	VERB
en	en	ADP
lettres	lettre	NOUN
rouges	rouge	ADJ
une	un	ADP
marque	marque	NOUN
particulière	particulier	ADJ
,	,	PUNCTclause
—	—	PUNCTclause
des	un	ADP_DET
initiales	initial	NOUN
que	que	SCONJ
Thomas	Thomas	PROPN
Roch	Roch	PROPN
regarde	regarder	VERB
avec	avec	ADP
attention	attention	NOUN
.	.	PUNCTsent
↵↵	↵↵	PUNCTstruct
l'	le	DET
ingénieur	ingénieur	NOUN
Serkö	Serkö	PROPN
donne	donner	VERB
ordre	ordre	NOUN
alors que	alors que	CCONJ
les	le	DET
caisses	caisse	NOUN
,	,	PUNCTclause
dont	dont	PRON
la	le	DET
contenance	contenance	NOUN
peut	pouvoir	VERB
être	être	AUX
évaluée	évaluer	VERB
à	à	ADP
un	un	DET
hectolitre	litre	NOUN
chacune	chacune	PROPN
,	,	PUNCTclause
soient	être	AUX
transportées	transporter	VERB
dans	dans	ADP
les	le	DET
magasins	magasin	NOUN
de	de	DET
la	la	NOUN
rive	rive	NOUN
gauche	gauche	ADJ
.	.	PUNCTsent
Ce	ce	DET
transport	transport	NOUN
est	être	AUX
immédiatement	immédiatement	ADV
effectué	effectuer	VERB
avec	avec	ADP
le	le	DET
canot	canot	NOUN
.	.	PUNCTsent
↵↵	↵↵	PUNCTstruct
À	à	ADP
mon	mon	DET
avis	avis	NOUN
,	,	PUNCTclause
ces	ce	DET
caisses	caisse	NOUN
doivent	devoir	VERB
renfermer	renfermer	VERB
les	le	DET
substances	substance	NOUN
dont	dont	PRON
la	le	DET
combinaison	combinaison	NOUN
ou	ou	CCONJ
le	le	DET
mélange	mélange	NOUN
produisent	produire	VERB
l'	le	DET
explosif	explosif	NOUN
et	et	CCONJ
le	le	DET
déflagrateur	déflagrateur	NOUN
…	…	PUNCTsent
quant à	quant à	ADP
engins	engin	NOUN
,	,	PUNCTclause
ils	ils	PRON
ont	avoir	AUX
dû	devoir	VERB
être	être	AUX
commandés	commander	VERB
à	à	ADP
quelque	quelque	DET
usine	usine	NOUN
du	du	ADP_DET
continent	continent	NOUN
.	.	PUNCTsent
Lorsque	lorsque	SCONJ
leur	leur	DET
fabrication	fabrication	NOUN
sera	être	AUX
terminée	terminer	VERB
,	,	PUNCTclause
la	le	DET
goélette	goélette	NOUN
les	le	DET
ira	aller	NOUN
chercher	chercher	VERB
et	et	CCONJ
les	le	DET
rapportera	rapporter	VERB
à	à	ADP
Back-Cup	Back-Cup	PROPN
…	…	PUNCTsent
↵↵	↵↵	PUNCTstruct
Ainsi	ainsi	ADV
,	,	PUNCTclause
cette fois ci	cette fois ci	PRON
,	,	PUNCTclause
l'	le	DET
Ebba	Ebba	PROPN
ne	ne	ADV
est	être	AUX
point	point	ADV
revenue	revenir	VERB
avec	avec	ADP
des	un	DET
marchandises	marchandise	NOUN
volées	voler	VERB
,	,	PUNCTclause
elle	elle	PRON
ne	ne	ADV
se	se	PRON
est	être	AUX
pas	pas	ADV
rendue	rendre	VERB
coupable	coupable	ADJ
de	de	DET
nouveaux	nouveau	ADJ
actes	acte	NOUN
de	de	DET
piraterie	piraterie	NOUN
.	.	PUNCTsent
Mais	mais	CCONJ
de	de	DET
quelle	quel	ADJ
puissance	puissance	NOUN
terrible	terrible	ADJ
va	aller	VERB
être	être	AUX
armé	armer	VERB
Ker	Ker	PROPN
Karraje	Karraje	PROPN
pour	pour	ADP
l'	le	DET
offensive	offensive	NOUN
et	et	CCONJ
la	le	DET
défensive	défensif	NOUN
sur	sur	ADP
mer	mer	NOUN
!	!	PUNCTsent
À	à	ADP
en	en	PRON
croire	croire	VERB
Thomas	Thomas	PROPN
Roch	Roch	PROPN
,	,	PUNCTclause
son	son	DET
Fulgurateur	Fulgurateur	PROPN
ne	ne	ADV
est	être	AUX
il	il	PRON
pas	pas	ADV
capable	capable	ADJ
de	de	DET
anéantir	anéantir	NOUN
d'un seul coup	d'un seul coup	ADV
le	le	DET
sphéroïde	sphéroïde	NOUN
terrestre	terrestre	ADJ
?…	?…	PUNCTsent
Et	et	CCONJ
qui	qui	PRON
sait	savoir	VERB
si	si	SCONJ
il	il	PRON
ne	ne	ADV
le	le:PRON	PRON
tentera	tenter	VERB
pas	pas	ADV
un	un	DET
jour	jour	NOUN
?…	?…	PUNCTsent
